/*--------------------------------*- C++ -*----------------------------------*\
| =========                 |                                                 |
| \\      /  F ield         | OpenFOAM: The Open Source CFD Toolbox           |
|  \\    /   O peration     | Version:  2212                                  |
|   \\  /    A nd           | Website:  www.openfoam.com                      |
|    \\/     M anipulation  |                                                 |
\*---------------------------------------------------------------------------*/
FoamFile
{
    version     2.0;
    format      ascii;
    arch        "LSB;label=32;scalar=64";
    class       faceList;
    location    "constant/polyMesh";
    object      faces;
}
// * * * * * * * * * * * * * * * * * * * * * * * * * * * * * * * * * * * * * //


4160
(
4(1 18 307 290)
4(17 306 307 18)
4(0 289 306 17)
4(2 19 308 291)
4(18 307 308 19)
4(3 20 309 292)
4(19 308 309 20)
4(4 21 310 293)
4(20 309 310 21)
4(5 22 311 294)
4(21 310 311 22)
4(6 23 312 295)
4(22 311 312 23)
4(7 24 313 296)
4(23 312 313 24)
4(8 25 314 297)
4(24 313 314 25)
4(9 26 315 298)
4(25 314 315 26)
4(10 27 316 299)
4(26 315 316 27)
4(11 28 317 300)
4(27 316 317 28)
4(12 29 318 301)
4(28 317 318 29)
4(13 30 319 302)
4(29 318 319 30)
4(14 31 320 303)
4(30 319 320 31)
4(15 32 321 304)
4(31 320 321 32)
4(32 321 322 33)
4(16 33 322 305)
4(18 35 324 307)
4(34 323 324 35)
4(17 306 323 34)
4(19 36 325 308)
4(35 324 325 36)
4(20 37 326 309)
4(36 325 326 37)
4(21 38 327 310)
4(37 326 327 38)
4(22 39 328 311)
4(38 327 328 39)
4(23 40 329 312)
4(39 328 329 40)
4(24 41 330 313)
4(40 329 330 41)
4(25 42 331 314)
4(41 330 331 42)
4(26 43 332 315)
4(42 331 332 43)
4(27 44 333 316)
4(43 332 333 44)
4(28 45 334 317)
4(44 333 334 45)
4(29 46 335 318)
4(45 334 335 46)
4(30 47 336 319)
4(46 335 336 47)
4(31 48 337 320)
4(47 336 337 48)
4(32 49 338 321)
4(48 337 338 49)
4(49 338 339 50)
4(33 50 339 322)
4(35 52 341 324)
4(51 340 341 52)
4(34 323 340 51)
4(36 53 342 325)
4(52 341 342 53)
4(37 54 343 326)
4(53 342 343 54)
4(38 55 344 327)
4(54 343 344 55)
4(39 56 345 328)
4(55 344 345 56)
4(40 57 346 329)
4(56 345 346 57)
4(41 58 347 330)
4(57 346 347 58)
4(42 59 348 331)
4(58 347 348 59)
4(43 60 349 332)
4(59 348 349 60)
4(44 61 350 333)
4(60 349 350 61)
4(45 62 351 334)
4(61 350 351 62)
4(46 63 352 335)
4(62 351 352 63)
4(47 64 353 336)
4(63 352 353 64)
4(48 65 354 337)
4(64 353 354 65)
4(49 66 355 338)
4(65 354 355 66)
4(66 355 356 67)
4(50 67 356 339)
4(52 69 358 341)
4(68 357 358 69)
4(51 340 357 68)
4(53 70 359 342)
4(69 358 359 70)
4(54 71 360 343)
4(70 359 360 71)
4(55 72 361 344)
4(71 360 361 72)
4(56 73 362 345)
4(72 361 362 73)
4(57 74 363 346)
4(73 362 363 74)
4(58 75 364 347)
4(74 363 364 75)
4(59 76 365 348)
4(75 364 365 76)
4(60 77 366 349)
4(76 365 366 77)
4(61 78 367 350)
4(77 366 367 78)
4(62 79 368 351)
4(78 367 368 79)
4(63 80 369 352)
4(79 368 369 80)
4(64 81 370 353)
4(80 369 370 81)
4(65 82 371 354)
4(81 370 371 82)
4(66 83 372 355)
4(82 371 372 83)
4(83 372 373 84)
4(67 84 373 356)
4(69 86 375 358)
4(85 374 375 86)
4(68 357 374 85)
4(70 87 376 359)
4(86 375 376 87)
4(71 88 377 360)
4(87 376 377 88)
4(72 89 378 361)
4(88 377 378 89)
4(73 90 379 362)
4(89 378 379 90)
4(74 91 380 363)
4(90 379 380 91)
4(75 92 381 364)
4(91 380 381 92)
4(76 93 382 365)
4(92 381 382 93)
4(77 94 383 366)
4(93 382 383 94)
4(78 95 384 367)
4(94 383 384 95)
4(79 96 385 368)
4(95 384 385 96)
4(80 97 386 369)
4(96 385 386 97)
4(81 98 387 370)
4(97 386 387 98)
4(82 99 388 371)
4(98 387 388 99)
4(83 100 389 372)
4(99 388 389 100)
4(100 389 390 101)
4(84 101 390 373)
4(86 103 392 375)
4(102 391 392 103)
4(85 374 391 102)
4(87 104 393 376)
4(103 392 393 104)
4(88 105 394 377)
4(104 393 394 105)
4(89 106 395 378)
4(105 394 395 106)
4(90 107 396 379)
4(106 395 396 107)
4(91 108 397 380)
4(107 396 397 108)
4(92 109 398 381)
4(108 397 398 109)
4(93 110 399 382)
4(109 398 399 110)
4(94 111 400 383)
4(110 399 400 111)
4(95 112 401 384)
4(111 400 401 112)
4(96 113 402 385)
4(112 401 402 113)
4(97 114 403 386)
4(113 402 403 114)
4(98 115 404 387)
4(114 403 404 115)
4(99 116 405 388)
4(115 404 405 116)
4(100 117 406 389)
4(116 405 406 117)
4(117 406 407 118)
4(101 118 407 390)
4(103 120 409 392)
4(119 408 409 120)
4(102 391 408 119)
4(104 121 410 393)
4(120 409 410 121)
4(105 122 411 394)
4(121 410 411 122)
4(106 123 412 395)
4(122 411 412 123)
4(107 124 413 396)
4(123 412 413 124)
4(108 125 414 397)
4(124 413 414 125)
4(109 126 415 398)
4(125 414 415 126)
4(110 127 416 399)
4(126 415 416 127)
4(111 128 417 400)
4(127 416 417 128)
4(112 129 418 401)
4(128 417 418 129)
4(113 130 419 402)
4(129 418 419 130)
4(114 131 420 403)
4(130 419 420 131)
4(115 132 421 404)
4(131 420 421 132)
4(116 133 422 405)
4(132 421 422 133)
4(117 134 423 406)
4(133 422 423 134)
4(134 423 424 135)
4(118 135 424 407)
4(120 137 426 409)
4(136 425 426 137)
4(119 408 425 136)
4(121 138 427 410)
4(137 426 427 138)
4(122 139 428 411)
4(138 427 428 139)
4(123 140 429 412)
4(139 428 429 140)
4(124 141 430 413)
4(140 429 430 141)
4(125 142 431 414)
4(141 430 431 142)
4(126 143 432 415)
4(142 431 432 143)
4(127 144 433 416)
4(143 432 433 144)
4(128 145 434 417)
4(144 433 434 145)
4(129 146 435 418)
4(145 434 435 146)
4(130 147 436 419)
4(146 435 436 147)
4(131 148 437 420)
4(147 436 437 148)
4(132 149 438 421)
4(148 437 438 149)
4(133 150 439 422)
4(149 438 439 150)
4(134 151 440 423)
4(150 439 440 151)
4(151 440 441 152)
4(135 152 441 424)
4(137 154 443 426)
4(153 442 443 154)
4(136 425 442 153)
4(138 155 444 427)
4(154 443 444 155)
4(139 156 445 428)
4(155 444 445 156)
4(140 157 446 429)
4(156 445 446 157)
4(141 158 447 430)
4(157 446 447 158)
4(142 159 448 431)
4(158 447 448 159)
4(143 160 449 432)
4(159 448 449 160)
4(144 161 450 433)
4(160 449 450 161)
4(145 162 451 434)
4(161 450 451 162)
4(146 163 452 435)
4(162 451 452 163)
4(147 164 453 436)
4(163 452 453 164)
4(148 165 454 437)
4(164 453 454 165)
4(149 166 455 438)
4(165 454 455 166)
4(150 167 456 439)
4(166 455 456 167)
4(151 168 457 440)
4(167 456 457 168)
4(168 457 458 169)
4(152 169 458 441)
4(154 171 460 443)
4(170 459 460 171)
4(153 442 459 170)
4(155 172 461 444)
4(171 460 461 172)
4(156 173 462 445)
4(172 461 462 173)
4(157 174 463 446)
4(173 462 463 174)
4(158 175 464 447)
4(174 463 464 175)
4(159 176 465 448)
4(175 464 465 176)
4(160 177 466 449)
4(176 465 466 177)
4(161 178 467 450)
4(177 466 467 178)
4(162 179 468 451)
4(178 467 468 179)
4(163 180 469 452)
4(179 468 469 180)
4(164 181 470 453)
4(180 469 470 181)
4(165 182 471 454)
4(181 470 471 182)
4(166 183 472 455)
4(182 471 472 183)
4(167 184 473 456)
4(183 472 473 184)
4(168 185 474 457)
4(184 473 474 185)
4(185 474 475 186)
4(169 186 475 458)
4(171 188 477 460)
4(187 476 477 188)
4(170 459 476 187)
4(172 189 478 461)
4(188 477 478 189)
4(173 190 479 462)
4(189 478 479 190)
4(174 191 480 463)
4(190 479 480 191)
4(175 192 481 464)
4(191 480 481 192)
4(176 193 482 465)
4(192 481 482 193)
4(177 194 483 466)
4(193 482 483 194)
4(178 195 484 467)
4(194 483 484 195)
4(179 196 485 468)
4(195 484 485 196)
4(180 197 486 469)
4(196 485 486 197)
4(181 198 487 470)
4(197 486 487 198)
4(182 199 488 471)
4(198 487 488 199)
4(183 200 489 472)
4(199 488 489 200)
4(184 201 490 473)
4(200 489 490 201)
4(185 202 491 474)
4(201 490 491 202)
4(202 491 492 203)
4(186 203 492 475)
4(188 205 494 477)
4(204 493 494 205)
4(187 476 493 204)
4(189 206 495 478)
4(205 494 495 206)
4(190 207 496 479)
4(206 495 496 207)
4(191 208 497 480)
4(207 496 497 208)
4(192 209 498 481)
4(208 497 498 209)
4(193 210 499 482)
4(209 498 499 210)
4(194 211 500 483)
4(210 499 500 211)
4(195 212 501 484)
4(211 500 501 212)
4(196 213 502 485)
4(212 501 502 213)
4(197 214 503 486)
4(213 502 503 214)
4(198 215 504 487)
4(214 503 504 215)
4(199 216 505 488)
4(215 504 505 216)
4(200 217 506 489)
4(216 505 506 217)
4(201 218 507 490)
4(217 506 507 218)
4(202 219 508 491)
4(218 507 508 219)
4(219 508 509 220)
4(203 220 509 492)
4(205 222 511 494)
4(221 510 511 222)
4(204 493 510 221)
4(206 223 512 495)
4(222 511 512 223)
4(207 224 513 496)
4(223 512 513 224)
4(208 225 514 497)
4(224 513 514 225)
4(209 226 515 498)
4(225 514 515 226)
4(210 227 516 499)
4(226 515 516 227)
4(211 228 517 500)
4(227 516 517 228)
4(212 229 518 501)
4(228 517 518 229)
4(213 230 519 502)
4(229 518 519 230)
4(214 231 520 503)
4(230 519 520 231)
4(215 232 521 504)
4(231 520 521 232)
4(216 233 522 505)
4(232 521 522 233)
4(217 234 523 506)
4(233 522 523 234)
4(218 235 524 507)
4(234 523 524 235)
4(219 236 525 508)
4(235 524 525 236)
4(236 525 526 237)
4(220 237 526 509)
4(222 239 528 511)
4(238 527 528 239)
4(221 510 527 238)
4(223 240 529 512)
4(239 528 529 240)
4(224 241 530 513)
4(240 529 530 241)
4(225 242 531 514)
4(241 530 531 242)
4(226 243 532 515)
4(242 531 532 243)
4(227 244 533 516)
4(243 532 533 244)
4(228 245 534 517)
4(244 533 534 245)
4(229 246 535 518)
4(245 534 535 246)
4(230 247 536 519)
4(246 535 536 247)
4(231 248 537 520)
4(247 536 537 248)
4(232 249 538 521)
4(248 537 538 249)
4(233 250 539 522)
4(249 538 539 250)
4(234 251 540 523)
4(250 539 540 251)
4(235 252 541 524)
4(251 540 541 252)
4(236 253 542 525)
4(252 541 542 253)
4(253 542 543 254)
4(237 254 543 526)
4(239 256 545 528)
4(255 544 545 256)
4(238 527 544 255)
4(240 257 546 529)
4(256 545 546 257)
4(241 258 547 530)
4(257 546 547 258)
4(242 259 548 531)
4(258 547 548 259)
4(243 260 549 532)
4(259 548 549 260)
4(244 261 550 533)
4(260 549 550 261)
4(245 262 551 534)
4(261 550 551 262)
4(246 263 552 535)
4(262 551 552 263)
4(247 264 553 536)
4(263 552 553 264)
4(248 265 554 537)
4(264 553 554 265)
4(249 266 555 538)
4(265 554 555 266)
4(250 267 556 539)
4(266 555 556 267)
4(251 268 557 540)
4(267 556 557 268)
4(252 269 558 541)
4(268 557 558 269)
4(253 270 559 542)
4(269 558 559 270)
4(270 559 560 271)
4(254 271 560 543)
4(256 273 562 545)
4(255 544 561 272)
4(257 274 563 546)
4(258 275 564 547)
4(259 276 565 548)
4(260 277 566 549)
4(261 278 567 550)
4(262 279 568 551)
4(263 280 569 552)
4(264 281 570 553)
4(265 282 571 554)
4(266 283 572 555)
4(267 284 573 556)
4(268 285 574 557)
4(269 286 575 558)
4(270 287 576 559)
4(271 288 577 560)
4(578 594 866 850)
4(33 322 866 594)
4(579 595 867 851)
4(594 866 867 595)
4(580 596 868 852)
4(595 867 868 596)
4(581 597 869 853)
4(596 868 869 597)
4(582 598 870 854)
4(597 869 870 598)
4(583 599 871 855)
4(598 870 871 599)
4(584 600 872 856)
4(599 871 872 600)
4(585 601 873 857)
4(600 872 873 601)
4(586 602 874 858)
4(601 873 874 602)
4(587 603 875 859)
4(602 874 875 603)
4(588 604 876 860)
4(603 875 876 604)
4(589 605 877 861)
4(604 876 877 605)
4(590 606 878 862)
4(605 877 878 606)
4(591 607 879 863)
4(606 878 879 607)
4(592 608 880 864)
4(607 879 880 608)
4(608 880 881 609)
4(593 609 881 865)
4(594 610 882 866)
4(50 339 882 610)
4(595 611 883 867)
4(610 882 883 611)
4(596 612 884 868)
4(611 883 884 612)
4(597 613 885 869)
4(612 884 885 613)
4(598 614 886 870)
4(613 885 886 614)
4(599 615 887 871)
4(614 886 887 615)
4(600 616 888 872)
4(615 887 888 616)
4(601 617 889 873)
4(616 888 889 617)
4(602 618 890 874)
4(617 889 890 618)
4(603 619 891 875)
4(618 890 891 619)
4(604 620 892 876)
4(619 891 892 620)
4(605 621 893 877)
4(620 892 893 621)
4(606 622 894 878)
4(621 893 894 622)
4(607 623 895 879)
4(622 894 895 623)
4(608 624 896 880)
4(623 895 896 624)
4(624 896 897 625)
4(609 625 897 881)
4(610 626 898 882)
4(67 356 898 626)
4(611 627 899 883)
4(626 898 899 627)
4(612 628 900 884)
4(627 899 900 628)
4(613 629 901 885)
4(628 900 901 629)
4(614 630 902 886)
4(629 901 902 630)
4(615 631 903 887)
4(630 902 903 631)
4(616 632 904 888)
4(631 903 904 632)
4(617 633 905 889)
4(632 904 905 633)
4(618 634 906 890)
4(633 905 906 634)
4(619 635 907 891)
4(634 906 907 635)
4(620 636 908 892)
4(635 907 908 636)
4(621 637 909 893)
4(636 908 909 637)
4(622 638 910 894)
4(637 909 910 638)
4(623 639 911 895)
4(638 910 911 639)
4(624 640 912 896)
4(639 911 912 640)
4(640 912 913 641)
4(625 641 913 897)
4(626 642 914 898)
4(84 373 914 642)
4(627 643 915 899)
4(642 914 915 643)
4(628 644 916 900)
4(643 915 916 644)
4(629 645 917 901)
4(644 916 917 645)
4(630 646 918 902)
4(645 917 918 646)
4(631 647 919 903)
4(646 918 919 647)
4(632 648 920 904)
4(647 919 920 648)
4(633 649 921 905)
4(648 920 921 649)
4(634 650 922 906)
4(649 921 922 650)
4(635 651 923 907)
4(650 922 923 651)
4(636 652 924 908)
4(651 923 924 652)
4(637 653 925 909)
4(652 924 925 653)
4(638 654 926 910)
4(653 925 926 654)
4(639 655 927 911)
4(654 926 927 655)
4(640 656 928 912)
4(655 927 928 656)
4(656 928 929 657)
4(641 657 929 913)
4(642 658 930 914)
4(101 390 930 658)
4(643 659 931 915)
4(658 930 931 659)
4(644 660 932 916)
4(659 931 932 660)
4(645 661 933 917)
4(660 932 933 661)
4(646 662 934 918)
4(661 933 934 662)
4(647 663 935 919)
4(662 934 935 663)
4(648 664 936 920)
4(663 935 936 664)
4(649 665 937 921)
4(664 936 937 665)
4(650 666 938 922)
4(665 937 938 666)
4(651 667 939 923)
4(666 938 939 667)
4(652 668 940 924)
4(667 939 940 668)
4(653 669 941 925)
4(668 940 941 669)
4(654 670 942 926)
4(669 941 942 670)
4(655 671 943 927)
4(670 942 943 671)
4(656 672 944 928)
4(671 943 944 672)
4(672 944 945 673)
4(657 673 945 929)
4(658 674 946 930)
4(118 407 946 674)
4(659 675 947 931)
4(674 946 947 675)
4(660 676 948 932)
4(675 947 948 676)
4(661 677 949 933)
4(676 948 949 677)
4(662 678 950 934)
4(677 949 950 678)
4(663 679 951 935)
4(678 950 951 679)
4(664 680 952 936)
4(679 951 952 680)
4(665 681 953 937)
4(680 952 953 681)
4(666 682 954 938)
4(681 953 954 682)
4(667 683 955 939)
4(682 954 955 683)
4(668 684 956 940)
4(683 955 956 684)
4(669 685 957 941)
4(684 956 957 685)
4(670 686 958 942)
4(685 957 958 686)
4(671 687 959 943)
4(686 958 959 687)
4(672 688 960 944)
4(687 959 960 688)
4(688 960 961 689)
4(673 689 961 945)
4(674 690 962 946)
4(135 424 962 690)
4(675 691 963 947)
4(690 962 963 691)
4(676 692 964 948)
4(691 963 964 692)
4(677 693 965 949)
4(692 964 965 693)
4(678 694 966 950)
4(693 965 966 694)
4(679 695 967 951)
4(694 966 967 695)
4(680 696 968 952)
4(695 967 968 696)
4(681 697 969 953)
4(696 968 969 697)
4(682 698 970 954)
4(697 969 970 698)
4(683 699 971 955)
4(698 970 971 699)
4(684 700 972 956)
4(699 971 972 700)
4(685 701 973 957)
4(700 972 973 701)
4(686 702 974 958)
4(701 973 974 702)
4(687 703 975 959)
4(702 974 975 703)
4(688 704 976 960)
4(703 975 976 704)
4(704 976 977 705)
4(689 705 977 961)
4(690 706 978 962)
4(152 441 978 706)
4(691 707 979 963)
4(706 978 979 707)
4(692 708 980 964)
4(707 979 980 708)
4(693 709 981 965)
4(708 980 981 709)
4(694 710 982 966)
4(709 981 982 710)
4(695 711 983 967)
4(710 982 983 711)
4(696 712 984 968)
4(711 983 984 712)
4(697 713 985 969)
4(712 984 985 713)
4(698 714 986 970)
4(713 985 986 714)
4(699 715 987 971)
4(714 986 987 715)
4(700 716 988 972)
4(715 987 988 716)
4(701 717 989 973)
4(716 988 989 717)
4(702 718 990 974)
4(717 989 990 718)
4(703 719 991 975)
4(718 990 991 719)
4(704 720 992 976)
4(719 991 992 720)
4(720 992 993 721)
4(705 721 993 977)
4(706 722 994 978)
4(169 458 994 722)
4(707 723 995 979)
4(722 994 995 723)
4(708 724 996 980)
4(723 995 996 724)
4(709 725 997 981)
4(724 996 997 725)
4(710 726 998 982)
4(725 997 998 726)
4(711 727 999 983)
4(726 998 999 727)
4(712 728 1000 984)
4(727 999 1000 728)
4(713 729 1001 985)
4(728 1000 1001 729)
4(714 730 1002 986)
4(729 1001 1002 730)
4(715 731 1003 987)
4(730 1002 1003 731)
4(716 732 1004 988)
4(731 1003 1004 732)
4(717 733 1005 989)
4(732 1004 1005 733)
4(718 734 1006 990)
4(733 1005 1006 734)
4(719 735 1007 991)
4(734 1006 1007 735)
4(720 736 1008 992)
4(735 1007 1008 736)
4(736 1008 1009 737)
4(721 737 1009 993)
4(722 738 1010 994)
4(186 475 1010 738)
4(723 739 1011 995)
4(738 1010 1011 739)
4(724 740 1012 996)
4(739 1011 1012 740)
4(725 741 1013 997)
4(740 1012 1013 741)
4(726 742 1014 998)
4(741 1013 1014 742)
4(727 743 1015 999)
4(742 1014 1015 743)
4(728 744 1016 1000)
4(743 1015 1016 744)
4(729 745 1017 1001)
4(744 1016 1017 745)
4(730 746 1018 1002)
4(745 1017 1018 746)
4(731 747 1019 1003)
4(746 1018 1019 747)
4(732 748 1020 1004)
4(747 1019 1020 748)
4(733 749 1021 1005)
4(748 1020 1021 749)
4(734 750 1022 1006)
4(749 1021 1022 750)
4(735 751 1023 1007)
4(750 1022 1023 751)
4(736 752 1024 1008)
4(751 1023 1024 752)
4(752 1024 1025 753)
4(737 753 1025 1009)
4(738 754 1026 1010)
4(203 492 1026 754)
4(739 755 1027 1011)
4(754 1026 1027 755)
4(740 756 1028 1012)
4(755 1027 1028 756)
4(741 757 1029 1013)
4(756 1028 1029 757)
4(742 758 1030 1014)
4(757 1029 1030 758)
4(743 759 1031 1015)
4(758 1030 1031 759)
4(744 760 1032 1016)
4(759 1031 1032 760)
4(745 761 1033 1017)
4(760 1032 1033 761)
4(746 762 1034 1018)
4(761 1033 1034 762)
4(747 763 1035 1019)
4(762 1034 1035 763)
4(748 764 1036 1020)
4(763 1035 1036 764)
4(749 765 1037 1021)
4(764 1036 1037 765)
4(750 766 1038 1022)
4(765 1037 1038 766)
4(751 767 1039 1023)
4(766 1038 1039 767)
4(752 768 1040 1024)
4(767 1039 1040 768)
4(768 1040 1041 769)
4(753 769 1041 1025)
4(754 770 1042 1026)
4(220 509 1042 770)
4(755 771 1043 1027)
4(770 1042 1043 771)
4(756 772 1044 1028)
4(771 1043 1044 772)
4(757 773 1045 1029)
4(772 1044 1045 773)
4(758 774 1046 1030)
4(773 1045 1046 774)
4(759 775 1047 1031)
4(774 1046 1047 775)
4(760 776 1048 1032)
4(775 1047 1048 776)
4(761 777 1049 1033)
4(776 1048 1049 777)
4(762 778 1050 1034)
4(777 1049 1050 778)
4(763 779 1051 1035)
4(778 1050 1051 779)
4(764 780 1052 1036)
4(779 1051 1052 780)
4(765 781 1053 1037)
4(780 1052 1053 781)
4(766 782 1054 1038)
4(781 1053 1054 782)
4(767 783 1055 1039)
4(782 1054 1055 783)
4(768 784 1056 1040)
4(783 1055 1056 784)
4(784 1056 1057 785)
4(769 785 1057 1041)
4(770 786 1058 1042)
4(237 526 1058 786)
4(771 787 1059 1043)
4(786 1058 1059 787)
4(772 788 1060 1044)
4(787 1059 1060 788)
4(773 789 1061 1045)
4(788 1060 1061 789)
4(774 790 1062 1046)
4(789 1061 1062 790)
4(775 791 1063 1047)
4(790 1062 1063 791)
4(776 792 1064 1048)
4(791 1063 1064 792)
4(777 793 1065 1049)
4(792 1064 1065 793)
4(778 794 1066 1050)
4(793 1065 1066 794)
4(779 795 1067 1051)
4(794 1066 1067 795)
4(780 796 1068 1052)
4(795 1067 1068 796)
4(781 797 1069 1053)
4(796 1068 1069 797)
4(782 798 1070 1054)
4(797 1069 1070 798)
4(783 799 1071 1055)
4(798 1070 1071 799)
4(784 800 1072 1056)
4(799 1071 1072 800)
4(800 1072 1073 801)
4(785 801 1073 1057)
4(786 802 1074 1058)
4(254 543 1074 802)
4(787 803 1075 1059)
4(802 1074 1075 803)
4(788 804 1076 1060)
4(803 1075 1076 804)
4(789 805 1077 1061)
4(804 1076 1077 805)
4(790 806 1078 1062)
4(805 1077 1078 806)
4(791 807 1079 1063)
4(806 1078 1079 807)
4(792 808 1080 1064)
4(807 1079 1080 808)
4(793 809 1081 1065)
4(808 1080 1081 809)
4(794 810 1082 1066)
4(809 1081 1082 810)
4(795 811 1083 1067)
4(810 1082 1083 811)
4(796 812 1084 1068)
4(811 1083 1084 812)
4(797 813 1085 1069)
4(812 1084 1085 813)
4(798 814 1086 1070)
4(813 1085 1086 814)
4(799 815 1087 1071)
4(814 1086 1087 815)
4(800 816 1088 1072)
4(815 1087 1088 816)
4(816 1088 1089 817)
4(801 817 1089 1073)
4(802 818 1090 1074)
4(271 560 1090 818)
4(803 819 1091 1075)
4(818 1090 1091 819)
4(804 820 1092 1076)
4(819 1091 1092 820)
4(805 821 1093 1077)
4(820 1092 1093 821)
4(806 822 1094 1078)
4(821 1093 1094 822)
4(807 823 1095 1079)
4(822 1094 1095 823)
4(808 824 1096 1080)
4(823 1095 1096 824)
4(809 825 1097 1081)
4(824 1096 1097 825)
4(810 826 1098 1082)
4(825 1097 1098 826)
4(811 827 1099 1083)
4(826 1098 1099 827)
4(812 828 1100 1084)
4(827 1099 1100 828)
4(813 829 1101 1085)
4(828 1100 1101 829)
4(814 830 1102 1086)
4(829 1101 1102 830)
4(815 831 1103 1087)
4(830 1102 1103 831)
4(816 832 1104 1088)
4(831 1103 1104 832)
4(832 1104 1105 833)
4(817 833 1105 1089)
4(818 834 1106 1090)
4(819 835 1107 1091)
4(820 836 1108 1092)
4(821 837 1109 1093)
4(822 838 1110 1094)
4(823 839 1111 1095)
4(824 840 1112 1096)
4(825 841 1113 1097)
4(826 842 1114 1098)
4(827 843 1115 1099)
4(828 844 1116 1100)
4(829 845 1117 1101)
4(830 846 1118 1102)
4(831 847 1119 1103)
4(832 848 1120 1104)
4(833 849 1121 1105)
4(1122 1138 1410 1394)
4(609 881 1410 1138)
4(1123 1139 1411 1395)
4(1138 1410 1411 1139)
4(1124 1140 1412 1396)
4(1139 1411 1412 1140)
4(1125 1141 1413 1397)
4(1140 1412 1413 1141)
4(1126 1142 1414 1398)
4(1141 1413 1414 1142)
4(1127 1143 1415 1399)
4(1142 1414 1415 1143)
4(1128 1144 1416 1400)
4(1143 1415 1416 1144)
4(1129 1145 1417 1401)
4(1144 1416 1417 1145)
4(1130 1146 1418 1402)
4(1145 1417 1418 1146)
4(1131 1147 1419 1403)
4(1146 1418 1419 1147)
4(1132 1148 1420 1404)
4(1147 1419 1420 1148)
4(1133 1149 1421 1405)
4(1148 1420 1421 1149)
4(1134 1150 1422 1406)
4(1149 1421 1422 1150)
4(1135 1151 1423 1407)
4(1150 1422 1423 1151)
4(1136 1152 1424 1408)
4(1151 1423 1424 1152)
4(1152 1424 1425 1153)
4(1137 1153 1425 1409)
4(1138 1154 1426 1410)
4(625 897 1426 1154)
4(1139 1155 1427 1411)
4(1154 1426 1427 1155)
4(1140 1156 1428 1412)
4(1155 1427 1428 1156)
4(1141 1157 1429 1413)
4(1156 1428 1429 1157)
4(1142 1158 1430 1414)
4(1157 1429 1430 1158)
4(1143 1159 1431 1415)
4(1158 1430 1431 1159)
4(1144 1160 1432 1416)
4(1159 1431 1432 1160)
4(1145 1161 1433 1417)
4(1160 1432 1433 1161)
4(1146 1162 1434 1418)
4(1161 1433 1434 1162)
4(1147 1163 1435 1419)
4(1162 1434 1435 1163)
4(1148 1164 1436 1420)
4(1163 1435 1436 1164)
4(1149 1165 1437 1421)
4(1164 1436 1437 1165)
4(1150 1166 1438 1422)
4(1165 1437 1438 1166)
4(1151 1167 1439 1423)
4(1166 1438 1439 1167)
4(1152 1168 1440 1424)
4(1167 1439 1440 1168)
4(1168 1440 1441 1169)
4(1153 1169 1441 1425)
4(1154 1170 1442 1426)
4(641 913 1442 1170)
4(1155 1171 1443 1427)
4(1170 1442 1443 1171)
4(1156 1172 1444 1428)
4(1171 1443 1444 1172)
4(1157 1173 1445 1429)
4(1172 1444 1445 1173)
4(1158 1174 1446 1430)
4(1173 1445 1446 1174)
4(1159 1175 1447 1431)
4(1174 1446 1447 1175)
4(1160 1176 1448 1432)
4(1175 1447 1448 1176)
4(1161 1177 1449 1433)
4(1176 1448 1449 1177)
4(1162 1178 1450 1434)
4(1177 1449 1450 1178)
4(1163 1179 1451 1435)
4(1178 1450 1451 1179)
4(1164 1180 1452 1436)
4(1179 1451 1452 1180)
4(1165 1181 1453 1437)
4(1180 1452 1453 1181)
4(1166 1182 1454 1438)
4(1181 1453 1454 1182)
4(1167 1183 1455 1439)
4(1182 1454 1455 1183)
4(1168 1184 1456 1440)
4(1183 1455 1456 1184)
4(1184 1456 1457 1185)
4(1169 1185 1457 1441)
4(1170 1186 1458 1442)
4(657 929 1458 1186)
4(1171 1187 1459 1443)
4(1186 1458 1459 1187)
4(1172 1188 1460 1444)
4(1187 1459 1460 1188)
4(1173 1189 1461 1445)
4(1188 1460 1461 1189)
4(1174 1190 1462 1446)
4(1189 1461 1462 1190)
4(1175 1191 1463 1447)
4(1190 1462 1463 1191)
4(1176 1192 1464 1448)
4(1191 1463 1464 1192)
4(1177 1193 1465 1449)
4(1192 1464 1465 1193)
4(1178 1194 1466 1450)
4(1193 1465 1466 1194)
4(1179 1195 1467 1451)
4(1194 1466 1467 1195)
4(1180 1196 1468 1452)
4(1195 1467 1468 1196)
4(1181 1197 1469 1453)
4(1196 1468 1469 1197)
4(1182 1198 1470 1454)
4(1197 1469 1470 1198)
4(1183 1199 1471 1455)
4(1198 1470 1471 1199)
4(1184 1200 1472 1456)
4(1199 1471 1472 1200)
4(1200 1472 1473 1201)
4(1185 1201 1473 1457)
4(1186 1202 1474 1458)
4(673 945 1474 1202)
4(1187 1203 1475 1459)
4(1202 1474 1475 1203)
4(1188 1204 1476 1460)
4(1203 1475 1476 1204)
4(1189 1205 1477 1461)
4(1204 1476 1477 1205)
4(1190 1206 1478 1462)
4(1205 1477 1478 1206)
4(1191 1207 1479 1463)
4(1206 1478 1479 1207)
4(1192 1208 1480 1464)
4(1207 1479 1480 1208)
4(1193 1209 1481 1465)
4(1208 1480 1481 1209)
4(1194 1210 1482 1466)
4(1209 1481 1482 1210)
4(1195 1211 1483 1467)
4(1210 1482 1483 1211)
4(1196 1212 1484 1468)
4(1211 1483 1484 1212)
4(1197 1213 1485 1469)
4(1212 1484 1485 1213)
4(1198 1214 1486 1470)
4(1213 1485 1486 1214)
4(1199 1215 1487 1471)
4(1214 1486 1487 1215)
4(1200 1216 1488 1472)
4(1215 1487 1488 1216)
4(1216 1488 1489 1217)
4(1201 1217 1489 1473)
4(1202 1218 1490 1474)
4(689 961 1490 1218)
4(1203 1219 1491 1475)
4(1218 1490 1491 1219)
4(1204 1220 1492 1476)
4(1219 1491 1492 1220)
4(1205 1221 1493 1477)
4(1220 1492 1493 1221)
4(1206 1222 1494 1478)
4(1221 1493 1494 1222)
4(1207 1223 1495 1479)
4(1222 1494 1495 1223)
4(1208 1224 1496 1480)
4(1223 1495 1496 1224)
4(1209 1225 1497 1481)
4(1224 1496 1497 1225)
4(1210 1226 1498 1482)
4(1225 1497 1498 1226)
4(1211 1227 1499 1483)
4(1226 1498 1499 1227)
4(1212 1228 1500 1484)
4(1227 1499 1500 1228)
4(1213 1229 1501 1485)
4(1228 1500 1501 1229)
4(1214 1230 1502 1486)
4(1229 1501 1502 1230)
4(1215 1231 1503 1487)
4(1230 1502 1503 1231)
4(1216 1232 1504 1488)
4(1231 1503 1504 1232)
4(1232 1504 1505 1233)
4(1217 1233 1505 1489)
4(1218 1234 1506 1490)
4(705 977 1506 1234)
4(1219 1235 1507 1491)
4(1234 1506 1507 1235)
4(1220 1236 1508 1492)
4(1235 1507 1508 1236)
4(1221 1237 1509 1493)
4(1236 1508 1509 1237)
4(1222 1238 1510 1494)
4(1237 1509 1510 1238)
4(1223 1239 1511 1495)
4(1238 1510 1511 1239)
4(1224 1240 1512 1496)
4(1239 1511 1512 1240)
4(1225 1241 1513 1497)
4(1240 1512 1513 1241)
4(1226 1242 1514 1498)
4(1241 1513 1514 1242)
4(1227 1243 1515 1499)
4(1242 1514 1515 1243)
4(1228 1244 1516 1500)
4(1243 1515 1516 1244)
4(1229 1245 1517 1501)
4(1244 1516 1517 1245)
4(1230 1246 1518 1502)
4(1245 1517 1518 1246)
4(1231 1247 1519 1503)
4(1246 1518 1519 1247)
4(1232 1248 1520 1504)
4(1247 1519 1520 1248)
4(1248 1520 1521 1249)
4(1233 1249 1521 1505)
4(1234 1250 1522 1506)
4(721 993 1522 1250)
4(1235 1251 1523 1507)
4(1250 1522 1523 1251)
4(1236 1252 1524 1508)
4(1251 1523 1524 1252)
4(1237 1253 1525 1509)
4(1252 1524 1525 1253)
4(1238 1254 1526 1510)
4(1253 1525 1526 1254)
4(1239 1255 1527 1511)
4(1254 1526 1527 1255)
4(1240 1256 1528 1512)
4(1255 1527 1528 1256)
4(1241 1257 1529 1513)
4(1256 1528 1529 1257)
4(1242 1258 1530 1514)
4(1257 1529 1530 1258)
4(1243 1259 1531 1515)
4(1258 1530 1531 1259)
4(1244 1260 1532 1516)
4(1259 1531 1532 1260)
4(1245 1261 1533 1517)
4(1260 1532 1533 1261)
4(1246 1262 1534 1518)
4(1261 1533 1534 1262)
4(1247 1263 1535 1519)
4(1262 1534 1535 1263)
4(1248 1264 1536 1520)
4(1263 1535 1536 1264)
4(1264 1536 1537 1265)
4(1249 1265 1537 1521)
4(1250 1266 1538 1522)
4(737 1009 1538 1266)
4(1251 1267 1539 1523)
4(1266 1538 1539 1267)
4(1252 1268 1540 1524)
4(1267 1539 1540 1268)
4(1253 1269 1541 1525)
4(1268 1540 1541 1269)
4(1254 1270 1542 1526)
4(1269 1541 1542 1270)
4(1255 1271 1543 1527)
4(1270 1542 1543 1271)
4(1256 1272 1544 1528)
4(1271 1543 1544 1272)
4(1257 1273 1545 1529)
4(1272 1544 1545 1273)
4(1258 1274 1546 1530)
4(1273 1545 1546 1274)
4(1259 1275 1547 1531)
4(1274 1546 1547 1275)
4(1260 1276 1548 1532)
4(1275 1547 1548 1276)
4(1261 1277 1549 1533)
4(1276 1548 1549 1277)
4(1262 1278 1550 1534)
4(1277 1549 1550 1278)
4(1263 1279 1551 1535)
4(1278 1550 1551 1279)
4(1264 1280 1552 1536)
4(1279 1551 1552 1280)
4(1280 1552 1553 1281)
4(1265 1281 1553 1537)
4(1266 1282 1554 1538)
4(753 1025 1554 1282)
4(1267 1283 1555 1539)
4(1282 1554 1555 1283)
4(1268 1284 1556 1540)
4(1283 1555 1556 1284)
4(1269 1285 1557 1541)
4(1284 1556 1557 1285)
4(1270 1286 1558 1542)
4(1285 1557 1558 1286)
4(1271 1287 1559 1543)
4(1286 1558 1559 1287)
4(1272 1288 1560 1544)
4(1287 1559 1560 1288)
4(1273 1289 1561 1545)
4(1288 1560 1561 1289)
4(1274 1290 1562 1546)
4(1289 1561 1562 1290)
4(1275 1291 1563 1547)
4(1290 1562 1563 1291)
4(1276 1292 1564 1548)
4(1291 1563 1564 1292)
4(1277 1293 1565 1549)
4(1292 1564 1565 1293)
4(1278 1294 1566 1550)
4(1293 1565 1566 1294)
4(1279 1295 1567 1551)
4(1294 1566 1567 1295)
4(1280 1296 1568 1552)
4(1295 1567 1568 1296)
4(1296 1568 1569 1297)
4(1281 1297 1569 1553)
4(1282 1298 1570 1554)
4(769 1041 1570 1298)
4(1283 1299 1571 1555)
4(1298 1570 1571 1299)
4(1284 1300 1572 1556)
4(1299 1571 1572 1300)
4(1285 1301 1573 1557)
4(1300 1572 1573 1301)
4(1286 1302 1574 1558)
4(1301 1573 1574 1302)
4(1287 1303 1575 1559)
4(1302 1574 1575 1303)
4(1288 1304 1576 1560)
4(1303 1575 1576 1304)
4(1289 1305 1577 1561)
4(1304 1576 1577 1305)
4(1290 1306 1578 1562)
4(1305 1577 1578 1306)
4(1291 1307 1579 1563)
4(1306 1578 1579 1307)
4(1292 1308 1580 1564)
4(1307 1579 1580 1308)
4(1293 1309 1581 1565)
4(1308 1580 1581 1309)
4(1294 1310 1582 1566)
4(1309 1581 1582 1310)
4(1295 1311 1583 1567)
4(1310 1582 1583 1311)
4(1296 1312 1584 1568)
4(1311 1583 1584 1312)
4(1312 1584 1585 1313)
4(1297 1313 1585 1569)
4(1298 1314 1586 1570)
4(785 1057 1586 1314)
4(1299 1315 1587 1571)
4(1314 1586 1587 1315)
4(1300 1316 1588 1572)
4(1315 1587 1588 1316)
4(1301 1317 1589 1573)
4(1316 1588 1589 1317)
4(1302 1318 1590 1574)
4(1317 1589 1590 1318)
4(1303 1319 1591 1575)
4(1318 1590 1591 1319)
4(1304 1320 1592 1576)
4(1319 1591 1592 1320)
4(1305 1321 1593 1577)
4(1320 1592 1593 1321)
4(1306 1322 1594 1578)
4(1321 1593 1594 1322)
4(1307 1323 1595 1579)
4(1322 1594 1595 1323)
4(1308 1324 1596 1580)
4(1323 1595 1596 1324)
4(1309 1325 1597 1581)
4(1324 1596 1597 1325)
4(1310 1326 1598 1582)
4(1325 1597 1598 1326)
4(1311 1327 1599 1583)
4(1326 1598 1599 1327)
4(1312 1328 1600 1584)
4(1327 1599 1600 1328)
4(1328 1600 1601 1329)
4(1313 1329 1601 1585)
4(1314 1330 1602 1586)
4(801 1073 1602 1330)
4(1315 1331 1603 1587)
4(1330 1602 1603 1331)
4(1316 1332 1604 1588)
4(1331 1603 1604 1332)
4(1317 1333 1605 1589)
4(1332 1604 1605 1333)
4(1318 1334 1606 1590)
4(1333 1605 1606 1334)
4(1319 1335 1607 1591)
4(1334 1606 1607 1335)
4(1320 1336 1608 1592)
4(1335 1607 1608 1336)
4(1321 1337 1609 1593)
4(1336 1608 1609 1337)
4(1322 1338 1610 1594)
4(1337 1609 1610 1338)
4(1323 1339 1611 1595)
4(1338 1610 1611 1339)
4(1324 1340 1612 1596)
4(1339 1611 1612 1340)
4(1325 1341 1613 1597)
4(1340 1612 1613 1341)
4(1326 1342 1614 1598)
4(1341 1613 1614 1342)
4(1327 1343 1615 1599)
4(1342 1614 1615 1343)
4(1328 1344 1616 1600)
4(1343 1615 1616 1344)
4(1344 1616 1617 1345)
4(1329 1345 1617 1601)
4(1330 1346 1618 1602)
4(817 1089 1618 1346)
4(1331 1347 1619 1603)
4(1346 1618 1619 1347)
4(1332 1348 1620 1604)
4(1347 1619 1620 1348)
4(1333 1349 1621 1605)
4(1348 1620 1621 1349)
4(1334 1350 1622 1606)
4(1349 1621 1622 1350)
4(1335 1351 1623 1607)
4(1350 1622 1623 1351)
4(1336 1352 1624 1608)
4(1351 1623 1624 1352)
4(1337 1353 1625 1609)
4(1352 1624 1625 1353)
4(1338 1354 1626 1610)
4(1353 1625 1626 1354)
4(1339 1355 1627 1611)
4(1354 1626 1627 1355)
4(1340 1356 1628 1612)
4(1355 1627 1628 1356)
4(1341 1357 1629 1613)
4(1356 1628 1629 1357)
4(1342 1358 1630 1614)
4(1357 1629 1630 1358)
4(1343 1359 1631 1615)
4(1358 1630 1631 1359)
4(1344 1360 1632 1616)
4(1359 1631 1632 1360)
4(1360 1632 1633 1361)
4(1345 1361 1633 1617)
4(1346 1362 1634 1618)
4(833 1105 1634 1362)
4(1347 1363 1635 1619)
4(1362 1634 1635 1363)
4(1348 1364 1636 1620)
4(1363 1635 1636 1364)
4(1349 1365 1637 1621)
4(1364 1636 1637 1365)
4(1350 1366 1638 1622)
4(1365 1637 1638 1366)
4(1351 1367 1639 1623)
4(1366 1638 1639 1367)
4(1352 1368 1640 1624)
4(1367 1639 1640 1368)
4(1353 1369 1641 1625)
4(1368 1640 1641 1369)
4(1354 1370 1642 1626)
4(1369 1641 1642 1370)
4(1355 1371 1643 1627)
4(1370 1642 1643 1371)
4(1356 1372 1644 1628)
4(1371 1643 1644 1372)
4(1357 1373 1645 1629)
4(1372 1644 1645 1373)
4(1358 1374 1646 1630)
4(1373 1645 1646 1374)
4(1359 1375 1647 1631)
4(1374 1646 1647 1375)
4(1360 1376 1648 1632)
4(1375 1647 1648 1376)
4(1376 1648 1649 1377)
4(1361 1377 1649 1633)
4(1362 1378 1650 1634)
4(1363 1379 1651 1635)
4(1364 1380 1652 1636)
4(1365 1381 1653 1637)
4(1366 1382 1654 1638)
4(1367 1383 1655 1639)
4(1368 1384 1656 1640)
4(1369 1385 1657 1641)
4(1370 1386 1658 1642)
4(1371 1387 1659 1643)
4(1372 1388 1660 1644)
4(1373 1389 1661 1645)
4(1374 1390 1662 1646)
4(1375 1391 1663 1647)
4(1376 1392 1664 1648)
4(1377 1393 1665 1649)
4(1666 1681 1936 1921)
4(1153 1425 1936 1681)
4(1667 1682 1937 1922)
4(1681 1936 1937 1682)
4(1668 1683 1938 1923)
4(1682 1937 1938 1683)
4(1669 1684 1939 1924)
4(1683 1938 1939 1684)
4(1670 1685 1940 1925)
4(1684 1939 1940 1685)
4(1671 1686 1941 1926)
4(1685 1940 1941 1686)
4(1672 1687 1942 1927)
4(1686 1941 1942 1687)
4(1673 1688 1943 1928)
4(1687 1942 1943 1688)
4(1674 1689 1944 1929)
4(1688 1943 1944 1689)
4(1675 1690 1945 1930)
4(1689 1944 1945 1690)
4(1676 1691 1946 1931)
4(1690 1945 1946 1691)
4(1677 1692 1947 1932)
4(1691 1946 1947 1692)
4(1678 1693 1948 1933)
4(1692 1947 1948 1693)
4(1679 1694 1949 1934)
4(1693 1948 1949 1694)
4(1680 1695 1950 1935)
4(1694 1949 1950 1695)
4(1695 1950 306 17)
4(1681 1696 1951 1936)
4(1169 1441 1951 1696)
4(1682 1697 1952 1937)
4(1696 1951 1952 1697)
4(1683 1698 1953 1938)
4(1697 1952 1953 1698)
4(1684 1699 1954 1939)
4(1698 1953 1954 1699)
4(1685 1700 1955 1940)
4(1699 1954 1955 1700)
4(1686 1701 1956 1941)
4(1700 1955 1956 1701)
4(1687 1702 1957 1942)
4(1701 1956 1957 1702)
4(1688 1703 1958 1943)
4(1702 1957 1958 1703)
4(1689 1704 1959 1944)
4(1703 1958 1959 1704)
4(1690 1705 1960 1945)
4(1704 1959 1960 1705)
4(1691 1706 1961 1946)
4(1705 1960 1961 1706)
4(1692 1707 1962 1947)
4(1706 1961 1962 1707)
4(1693 1708 1963 1948)
4(1707 1962 1963 1708)
4(1694 1709 1964 1949)
4(1708 1963 1964 1709)
4(1695 1710 1965 1950)
4(1709 1964 1965 1710)
4(1710 1965 323 34)
4(1696 1711 1966 1951)
4(1185 1457 1966 1711)
4(1697 1712 1967 1952)
4(1711 1966 1967 1712)
4(1698 1713 1968 1953)
4(1712 1967 1968 1713)
4(1699 1714 1969 1954)
4(1713 1968 1969 1714)
4(1700 1715 1970 1955)
4(1714 1969 1970 1715)
4(1701 1716 1971 1956)
4(1715 1970 1971 1716)
4(1702 1717 1972 1957)
4(1716 1971 1972 1717)
4(1703 1718 1973 1958)
4(1717 1972 1973 1718)
4(1704 1719 1974 1959)
4(1718 1973 1974 1719)
4(1705 1720 1975 1960)
4(1719 1974 1975 1720)
4(1706 1721 1976 1961)
4(1720 1975 1976 1721)
4(1707 1722 1977 1962)
4(1721 1976 1977 1722)
4(1708 1723 1978 1963)
4(1722 1977 1978 1723)
4(1709 1724 1979 1964)
4(1723 1978 1979 1724)
4(1710 1725 1980 1965)
4(1724 1979 1980 1725)
4(1725 1980 340 51)
4(1711 1726 1981 1966)
4(1201 1473 1981 1726)
4(1712 1727 1982 1967)
4(1726 1981 1982 1727)
4(1713 1728 1983 1968)
4(1727 1982 1983 1728)
4(1714 1729 1984 1969)
4(1728 1983 1984 1729)
4(1715 1730 1985 1970)
4(1729 1984 1985 1730)
4(1716 1731 1986 1971)
4(1730 1985 1986 1731)
4(1717 1732 1987 1972)
4(1731 1986 1987 1732)
4(1718 1733 1988 1973)
4(1732 1987 1988 1733)
4(1719 1734 1989 1974)
4(1733 1988 1989 1734)
4(1720 1735 1990 1975)
4(1734 1989 1990 1735)
4(1721 1736 1991 1976)
4(1735 1990 1991 1736)
4(1722 1737 1992 1977)
4(1736 1991 1992 1737)
4(1723 1738 1993 1978)
4(1737 1992 1993 1738)
4(1724 1739 1994 1979)
4(1738 1993 1994 1739)
4(1725 1740 1995 1980)
4(1739 1994 1995 1740)
4(1740 1995 357 68)
4(1726 1741 1996 1981)
4(1217 1489 1996 1741)
4(1727 1742 1997 1982)
4(1741 1996 1997 1742)
4(1728 1743 1998 1983)
4(1742 1997 1998 1743)
4(1729 1744 1999 1984)
4(1743 1998 1999 1744)
4(1730 1745 2000 1985)
4(1744 1999 2000 1745)
4(1731 1746 2001 1986)
4(1745 2000 2001 1746)
4(1732 1747 2002 1987)
4(1746 2001 2002 1747)
4(1733 1748 2003 1988)
4(1747 2002 2003 1748)
4(1734 1749 2004 1989)
4(1748 2003 2004 1749)
4(1735 1750 2005 1990)
4(1749 2004 2005 1750)
4(1736 1751 2006 1991)
4(1750 2005 2006 1751)
4(1737 1752 2007 1992)
4(1751 2006 2007 1752)
4(1738 1753 2008 1993)
4(1752 2007 2008 1753)
4(1739 1754 2009 1994)
4(1753 2008 2009 1754)
4(1740 1755 2010 1995)
4(1754 2009 2010 1755)
4(1755 2010 374 85)
4(1741 1756 2011 1996)
4(1233 1505 2011 1756)
4(1742 1757 2012 1997)
4(1756 2011 2012 1757)
4(1743 1758 2013 1998)
4(1757 2012 2013 1758)
4(1744 1759 2014 1999)
4(1758 2013 2014 1759)
4(1745 1760 2015 2000)
4(1759 2014 2015 1760)
4(1746 1761 2016 2001)
4(1760 2015 2016 1761)
4(1747 1762 2017 2002)
4(1761 2016 2017 1762)
4(1748 1763 2018 2003)
4(1762 2017 2018 1763)
4(1749 1764 2019 2004)
4(1763 2018 2019 1764)
4(1750 1765 2020 2005)
4(1764 2019 2020 1765)
4(1751 1766 2021 2006)
4(1765 2020 2021 1766)
4(1752 1767 2022 2007)
4(1766 2021 2022 1767)
4(1753 1768 2023 2008)
4(1767 2022 2023 1768)
4(1754 1769 2024 2009)
4(1768 2023 2024 1769)
4(1755 1770 2025 2010)
4(1769 2024 2025 1770)
4(1770 2025 391 102)
4(1756 1771 2026 2011)
4(1249 1521 2026 1771)
4(1757 1772 2027 2012)
4(1771 2026 2027 1772)
4(1758 1773 2028 2013)
4(1772 2027 2028 1773)
4(1759 1774 2029 2014)
4(1773 2028 2029 1774)
4(1760 1775 2030 2015)
4(1774 2029 2030 1775)
4(1761 1776 2031 2016)
4(1775 2030 2031 1776)
4(1762 1777 2032 2017)
4(1776 2031 2032 1777)
4(1763 1778 2033 2018)
4(1777 2032 2033 1778)
4(1764 1779 2034 2019)
4(1778 2033 2034 1779)
4(1765 1780 2035 2020)
4(1779 2034 2035 1780)
4(1766 1781 2036 2021)
4(1780 2035 2036 1781)
4(1767 1782 2037 2022)
4(1781 2036 2037 1782)
4(1768 1783 2038 2023)
4(1782 2037 2038 1783)
4(1769 1784 2039 2024)
4(1783 2038 2039 1784)
4(1770 1785 2040 2025)
4(1784 2039 2040 1785)
4(1785 2040 408 119)
4(1771 1786 2041 2026)
4(1265 1537 2041 1786)
4(1772 1787 2042 2027)
4(1786 2041 2042 1787)
4(1773 1788 2043 2028)
4(1787 2042 2043 1788)
4(1774 1789 2044 2029)
4(1788 2043 2044 1789)
4(1775 1790 2045 2030)
4(1789 2044 2045 1790)
4(1776 1791 2046 2031)
4(1790 2045 2046 1791)
4(1777 1792 2047 2032)
4(1791 2046 2047 1792)
4(1778 1793 2048 2033)
4(1792 2047 2048 1793)
4(1779 1794 2049 2034)
4(1793 2048 2049 1794)
4(1780 1795 2050 2035)
4(1794 2049 2050 1795)
4(1781 1796 2051 2036)
4(1795 2050 2051 1796)
4(1782 1797 2052 2037)
4(1796 2051 2052 1797)
4(1783 1798 2053 2038)
4(1797 2052 2053 1798)
4(1784 1799 2054 2039)
4(1798 2053 2054 1799)
4(1785 1800 2055 2040)
4(1799 2054 2055 1800)
4(1800 2055 425 136)
4(1786 1801 2056 2041)
4(1281 1553 2056 1801)
4(1787 1802 2057 2042)
4(1801 2056 2057 1802)
4(1788 1803 2058 2043)
4(1802 2057 2058 1803)
4(1789 1804 2059 2044)
4(1803 2058 2059 1804)
4(1790 1805 2060 2045)
4(1804 2059 2060 1805)
4(1791 1806 2061 2046)
4(1805 2060 2061 1806)
4(1792 1807 2062 2047)
4(1806 2061 2062 1807)
4(1793 1808 2063 2048)
4(1807 2062 2063 1808)
4(1794 1809 2064 2049)
4(1808 2063 2064 1809)
4(1795 1810 2065 2050)
4(1809 2064 2065 1810)
4(1796 1811 2066 2051)
4(1810 2065 2066 1811)
4(1797 1812 2067 2052)
4(1811 2066 2067 1812)
4(1798 1813 2068 2053)
4(1812 2067 2068 1813)
4(1799 1814 2069 2054)
4(1813 2068 2069 1814)
4(1800 1815 2070 2055)
4(1814 2069 2070 1815)
4(1815 2070 442 153)
4(1801 1816 2071 2056)
4(1297 1569 2071 1816)
4(1802 1817 2072 2057)
4(1816 2071 2072 1817)
4(1803 1818 2073 2058)
4(1817 2072 2073 1818)
4(1804 1819 2074 2059)
4(1818 2073 2074 1819)
4(1805 1820 2075 2060)
4(1819 2074 2075 1820)
4(1806 1821 2076 2061)
4(1820 2075 2076 1821)
4(1807 1822 2077 2062)
4(1821 2076 2077 1822)
4(1808 1823 2078 2063)
4(1822 2077 2078 1823)
4(1809 1824 2079 2064)
4(1823 2078 2079 1824)
4(1810 1825 2080 2065)
4(1824 2079 2080 1825)
4(1811 1826 2081 2066)
4(1825 2080 2081 1826)
4(1812 1827 2082 2067)
4(1826 2081 2082 1827)
4(1813 1828 2083 2068)
4(1827 2082 2083 1828)
4(1814 1829 2084 2069)
4(1828 2083 2084 1829)
4(1815 1830 2085 2070)
4(1829 2084 2085 1830)
4(1830 2085 459 170)
4(1816 1831 2086 2071)
4(1313 1585 2086 1831)
4(1817 1832 2087 2072)
4(1831 2086 2087 1832)
4(1818 1833 2088 2073)
4(1832 2087 2088 1833)
4(1819 1834 2089 2074)
4(1833 2088 2089 1834)
4(1820 1835 2090 2075)
4(1834 2089 2090 1835)
4(1821 1836 2091 2076)
4(1835 2090 2091 1836)
4(1822 1837 2092 2077)
4(1836 2091 2092 1837)
4(1823 1838 2093 2078)
4(1837 2092 2093 1838)
4(1824 1839 2094 2079)
4(1838 2093 2094 1839)
4(1825 1840 2095 2080)
4(1839 2094 2095 1840)
4(1826 1841 2096 2081)
4(1840 2095 2096 1841)
4(1827 1842 2097 2082)
4(1841 2096 2097 1842)
4(1828 1843 2098 2083)
4(1842 2097 2098 1843)
4(1829 1844 2099 2084)
4(1843 2098 2099 1844)
4(1830 1845 2100 2085)
4(1844 2099 2100 1845)
4(1845 2100 476 187)
4(1831 1846 2101 2086)
4(1329 1601 2101 1846)
4(1832 1847 2102 2087)
4(1846 2101 2102 1847)
4(1833 1848 2103 2088)
4(1847 2102 2103 1848)
4(1834 1849 2104 2089)
4(1848 2103 2104 1849)
4(1835 1850 2105 2090)
4(1849 2104 2105 1850)
4(1836 1851 2106 2091)
4(1850 2105 2106 1851)
4(1837 1852 2107 2092)
4(1851 2106 2107 1852)
4(1838 1853 2108 2093)
4(1852 2107 2108 1853)
4(1839 1854 2109 2094)
4(1853 2108 2109 1854)
4(1840 1855 2110 2095)
4(1854 2109 2110 1855)
4(1841 1856 2111 2096)
4(1855 2110 2111 1856)
4(1842 1857 2112 2097)
4(1856 2111 2112 1857)
4(1843 1858 2113 2098)
4(1857 2112 2113 1858)
4(1844 1859 2114 2099)
4(1858 2113 2114 1859)
4(1845 1860 2115 2100)
4(1859 2114 2115 1860)
4(1860 2115 493 204)
4(1846 1861 2116 2101)
4(1345 1617 2116 1861)
4(1847 1862 2117 2102)
4(1861 2116 2117 1862)
4(1848 1863 2118 2103)
4(1862 2117 2118 1863)
4(1849 1864 2119 2104)
4(1863 2118 2119 1864)
4(1850 1865 2120 2105)
4(1864 2119 2120 1865)
4(1851 1866 2121 2106)
4(1865 2120 2121 1866)
4(1852 1867 2122 2107)
4(1866 2121 2122 1867)
4(1853 1868 2123 2108)
4(1867 2122 2123 1868)
4(1854 1869 2124 2109)
4(1868 2123 2124 1869)
4(1855 1870 2125 2110)
4(1869 2124 2125 1870)
4(1856 1871 2126 2111)
4(1870 2125 2126 1871)
4(1857 1872 2127 2112)
4(1871 2126 2127 1872)
4(1858 1873 2128 2113)
4(1872 2127 2128 1873)
4(1859 1874 2129 2114)
4(1873 2128 2129 1874)
4(1860 1875 2130 2115)
4(1874 2129 2130 1875)
4(1875 2130 510 221)
4(1861 1876 2131 2116)
4(1361 1633 2131 1876)
4(1862 1877 2132 2117)
4(1876 2131 2132 1877)
4(1863 1878 2133 2118)
4(1877 2132 2133 1878)
4(1864 1879 2134 2119)
4(1878 2133 2134 1879)
4(1865 1880 2135 2120)
4(1879 2134 2135 1880)
4(1866 1881 2136 2121)
4(1880 2135 2136 1881)
4(1867 1882 2137 2122)
4(1881 2136 2137 1882)
4(1868 1883 2138 2123)
4(1882 2137 2138 1883)
4(1869 1884 2139 2124)
4(1883 2138 2139 1884)
4(1870 1885 2140 2125)
4(1884 2139 2140 1885)
4(1871 1886 2141 2126)
4(1885 2140 2141 1886)
4(1872 1887 2142 2127)
4(1886 2141 2142 1887)
4(1873 1888 2143 2128)
4(1887 2142 2143 1888)
4(1874 1889 2144 2129)
4(1888 2143 2144 1889)
4(1875 1890 2145 2130)
4(1889 2144 2145 1890)
4(1890 2145 527 238)
4(1876 1891 2146 2131)
4(1377 1649 2146 1891)
4(1877 1892 2147 2132)
4(1891 2146 2147 1892)
4(1878 1893 2148 2133)
4(1892 2147 2148 1893)
4(1879 1894 2149 2134)
4(1893 2148 2149 1894)
4(1880 1895 2150 2135)
4(1894 2149 2150 1895)
4(1881 1896 2151 2136)
4(1895 2150 2151 1896)
4(1882 1897 2152 2137)
4(1896 2151 2152 1897)
4(1883 1898 2153 2138)
4(1897 2152 2153 1898)
4(1884 1899 2154 2139)
4(1898 2153 2154 1899)
4(1885 1900 2155 2140)
4(1899 2154 2155 1900)
4(1886 1901 2156 2141)
4(1900 2155 2156 1901)
4(1887 1902 2157 2142)
4(1901 2156 2157 1902)
4(1888 1903 2158 2143)
4(1902 2157 2158 1903)
4(1889 1904 2159 2144)
4(1903 2158 2159 1904)
4(1890 1905 2160 2145)
4(1904 2159 2160 1905)
4(1905 2160 544 255)
4(1891 1906 2161 2146)
4(1892 1907 2162 2147)
4(1893 1908 2163 2148)
4(1894 1909 2164 2149)
4(1895 1910 2165 2150)
4(1896 1911 2166 2151)
4(1897 1912 2167 2152)
4(1898 1913 2168 2153)
4(1899 1914 2169 2154)
4(1900 1915 2170 2155)
4(1901 1916 2171 2156)
4(1902 1917 2172 2157)
4(1903 1918 2173 2158)
4(1904 1919 2174 2159)
4(1905 1920 2175 2160)
4(0 1 290 289)
4(1 2 291 290)
4(2 3 292 291)
4(3 4 293 292)
4(4 5 294 293)
4(5 6 295 294)
4(6 7 296 295)
4(7 8 297 296)
4(8 9 298 297)
4(9 10 299 298)
4(10 11 300 299)
4(11 12 301 300)
4(12 13 302 301)
4(13 14 303 302)
4(14 15 304 303)
4(15 16 305 304)
4(593 1122 1394 865)
4(1122 1123 1395 1394)
4(1123 1124 1396 1395)
4(1124 1125 1397 1396)
4(1125 1126 1398 1397)
4(1126 1127 1399 1398)
4(1127 1128 1400 1399)
4(1128 1129 1401 1400)
4(1129 1130 1402 1401)
4(1130 1131 1403 1402)
4(1131 1132 1404 1403)
4(1132 1133 1405 1404)
4(1133 1134 1406 1405)
4(1134 1135 1407 1406)
4(1135 1136 1408 1407)
4(1136 1137 1409 1408)
4(272 561 562 273)
4(273 562 563 274)
4(274 563 564 275)
4(275 564 565 276)
4(276 565 566 277)
4(277 566 567 278)
4(278 567 568 279)
4(279 568 569 280)
4(280 569 570 281)
4(281 570 571 282)
4(282 571 572 283)
4(283 572 573 284)
4(284 573 574 285)
4(285 574 575 286)
4(286 575 576 287)
4(287 576 577 288)
4(288 577 1106 834)
4(834 1106 1107 835)
4(835 1107 1108 836)
4(836 1108 1109 837)
4(837 1109 1110 838)
4(838 1110 1111 839)
4(839 1111 1112 840)
4(840 1112 1113 841)
4(841 1113 1114 842)
4(842 1114 1115 843)
4(843 1115 1116 844)
4(844 1116 1117 845)
4(845 1117 1118 846)
4(846 1118 1119 847)
4(847 1119 1120 848)
4(848 1120 1121 849)
4(849 1121 1650 1378)
4(1378 1650 1651 1379)
4(1379 1651 1652 1380)
4(1380 1652 1653 1381)
4(1381 1653 1654 1382)
4(1382 1654 1655 1383)
4(1383 1655 1656 1384)
4(1384 1656 1657 1385)
4(1385 1657 1658 1386)
4(1386 1658 1659 1387)
4(1387 1659 1660 1388)
4(1388 1660 1661 1389)
4(1389 1661 1662 1390)
4(1390 1662 1663 1391)
4(1391 1663 1664 1392)
4(1392 1664 1665 1393)
4(1393 1665 2161 1906)
4(1906 2161 2162 1907)
4(1907 2162 2163 1908)
4(1908 2163 2164 1909)
4(1909 2164 2165 1910)
4(1910 2165 2166 1911)
4(1911 2166 2167 1912)
4(1912 2167 2168 1913)
4(1913 2168 2169 1914)
4(1914 2169 2170 1915)
4(1915 2170 2171 1916)
4(1916 2171 2172 1917)
4(1917 2172 2173 1918)
4(1918 2173 2174 1919)
4(1919 2174 2175 1920)
4(1920 2175 561 272)
4(16 578 850 305)
4(578 579 851 850)
4(579 580 852 851)
4(580 581 853 852)
4(581 582 854 853)
4(582 583 855 854)
4(583 584 856 855)
4(584 585 857 856)
4(585 586 858 857)
4(586 587 859 858)
4(587 588 860 859)
4(588 589 861 860)
4(589 590 862 861)
4(590 591 863 862)
4(591 592 864 863)
4(592 593 865 864)
4(1137 1666 1921 1409)
4(1666 1667 1922 1921)
4(1667 1668 1923 1922)
4(1668 1669 1924 1923)
4(1669 1670 1925 1924)
4(1670 1671 1926 1925)
4(1671 1672 1927 1926)
4(1672 1673 1928 1927)
4(1673 1674 1929 1928)
4(1674 1675 1930 1929)
4(1675 1676 1931 1930)
4(1676 1677 1932 1931)
4(1677 1678 1933 1932)
4(1678 1679 1934 1933)
4(1679 1680 1935 1934)
4(1680 0 289 1935)
4(0 17 18 1)
4(17 34 35 18)
4(34 51 52 35)
4(51 68 69 52)
4(68 85 86 69)
4(85 102 103 86)
4(102 119 120 103)
4(119 136 137 120)
4(136 153 154 137)
4(153 170 171 154)
4(170 187 188 171)
4(187 204 205 188)
4(204 221 222 205)
4(221 238 239 222)
4(238 255 256 239)
4(255 272 273 256)
4(1 18 19 2)
4(18 35 36 19)
4(35 52 53 36)
4(52 69 70 53)
4(69 86 87 70)
4(86 103 104 87)
4(103 120 121 104)
4(120 137 138 121)
4(137 154 155 138)
4(154 171 172 155)
4(171 188 189 172)
4(188 205 206 189)
4(205 222 223 206)
4(222 239 240 223)
4(239 256 257 240)
4(256 273 274 257)
4(2 19 20 3)
4(19 36 37 20)
4(36 53 54 37)
4(53 70 71 54)
4(70 87 88 71)
4(87 104 105 88)
4(104 121 122 105)
4(121 138 139 122)
4(138 155 156 139)
4(155 172 173 156)
4(172 189 190 173)
4(189 206 207 190)
4(206 223 224 207)
4(223 240 241 224)
4(240 257 258 241)
4(257 274 275 258)
4(3 20 21 4)
4(20 37 38 21)
4(37 54 55 38)
4(54 71 72 55)
4(71 88 89 72)
4(88 105 106 89)
4(105 122 123 106)
4(122 139 140 123)
4(139 156 157 140)
4(156 173 174 157)
4(173 190 191 174)
4(190 207 208 191)
4(207 224 225 208)
4(224 241 242 225)
4(241 258 259 242)
4(258 275 276 259)
4(4 21 22 5)
4(21 38 39 22)
4(38 55 56 39)
4(55 72 73 56)
4(72 89 90 73)
4(89 106 107 90)
4(106 123 124 107)
4(123 140 141 124)
4(140 157 158 141)
4(157 174 175 158)
4(174 191 192 175)
4(191 208 209 192)
4(208 225 226 209)
4(225 242 243 226)
4(242 259 260 243)
4(259 276 277 260)
4(5 22 23 6)
4(22 39 40 23)
4(39 56 57 40)
4(56 73 74 57)
4(73 90 91 74)
4(90 107 108 91)
4(107 124 125 108)
4(124 141 142 125)
4(141 158 159 142)
4(158 175 176 159)
4(175 192 193 176)
4(192 209 210 193)
4(209 226 227 210)
4(226 243 244 227)
4(243 260 261 244)
4(260 277 278 261)
4(6 23 24 7)
4(23 40 41 24)
4(40 57 58 41)
4(57 74 75 58)
4(74 91 92 75)
4(91 108 109 92)
4(108 125 126 109)
4(125 142 143 126)
4(142 159 160 143)
4(159 176 177 160)
4(176 193 194 177)
4(193 210 211 194)
4(210 227 228 211)
4(227 244 245 228)
4(244 261 262 245)
4(261 278 279 262)
4(7 24 25 8)
4(24 41 42 25)
4(41 58 59 42)
4(58 75 76 59)
4(75 92 93 76)
4(92 109 110 93)
4(109 126 127 110)
4(126 143 144 127)
4(143 160 161 144)
4(160 177 178 161)
4(177 194 195 178)
4(194 211 212 195)
4(211 228 229 212)
4(228 245 246 229)
4(245 262 263 246)
4(262 279 280 263)
4(8 25 26 9)
4(25 42 43 26)
4(42 59 60 43)
4(59 76 77 60)
4(76 93 94 77)
4(93 110 111 94)
4(110 127 128 111)
4(127 144 145 128)
4(144 161 162 145)
4(161 178 179 162)
4(178 195 196 179)
4(195 212 213 196)
4(212 229 230 213)
4(229 246 247 230)
4(246 263 264 247)
4(263 280 281 264)
4(9 26 27 10)
4(26 43 44 27)
4(43 60 61 44)
4(60 77 78 61)
4(77 94 95 78)
4(94 111 112 95)
4(111 128 129 112)
4(128 145 146 129)
4(145 162 163 146)
4(162 179 180 163)
4(179 196 197 180)
4(196 213 214 197)
4(213 230 231 214)
4(230 247 248 231)
4(247 264 265 248)
4(264 281 282 265)
4(10 27 28 11)
4(27 44 45 28)
4(44 61 62 45)
4(61 78 79 62)
4(78 95 96 79)
4(95 112 113 96)
4(112 129 130 113)
4(129 146 147 130)
4(146 163 164 147)
4(163 180 181 164)
4(180 197 198 181)
4(197 214 215 198)
4(214 231 232 215)
4(231 248 249 232)
4(248 265 266 249)
4(265 282 283 266)
4(11 28 29 12)
4(28 45 46 29)
4(45 62 63 46)
4(62 79 80 63)
4(79 96 97 80)
4(96 113 114 97)
4(113 130 131 114)
4(130 147 148 131)
4(147 164 165 148)
4(164 181 182 165)
4(181 198 199 182)
4(198 215 216 199)
4(215 232 233 216)
4(232 249 250 233)
4(249 266 267 250)
4(266 283 284 267)
4(12 29 30 13)
4(29 46 47 30)
4(46 63 64 47)
4(63 80 81 64)
4(80 97 98 81)
4(97 114 115 98)
4(114 131 132 115)
4(131 148 149 132)
4(148 165 166 149)
4(165 182 183 166)
4(182 199 200 183)
4(199 216 217 200)
4(216 233 234 217)
4(233 250 251 234)
4(250 267 268 251)
4(267 284 285 268)
4(13 30 31 14)
4(30 47 48 31)
4(47 64 65 48)
4(64 81 82 65)
4(81 98 99 82)
4(98 115 116 99)
4(115 132 133 116)
4(132 149 150 133)
4(149 166 167 150)
4(166 183 184 167)
4(183 200 201 184)
4(200 217 218 201)
4(217 234 235 218)
4(234 251 252 235)
4(251 268 269 252)
4(268 285 286 269)
4(14 31 32 15)
4(31 48 49 32)
4(48 65 66 49)
4(65 82 83 66)
4(82 99 100 83)
4(99 116 117 100)
4(116 133 134 117)
4(133 150 151 134)
4(150 167 168 151)
4(167 184 185 168)
4(184 201 202 185)
4(201 218 219 202)
4(218 235 236 219)
4(235 252 253 236)
4(252 269 270 253)
4(269 286 287 270)
4(15 32 33 16)
4(32 49 50 33)
4(49 66 67 50)
4(66 83 84 67)
4(83 100 101 84)
4(100 117 118 101)
4(117 134 135 118)
4(134 151 152 135)
4(151 168 169 152)
4(168 185 186 169)
4(185 202 203 186)
4(202 219 220 203)
4(219 236 237 220)
4(236 253 254 237)
4(253 270 271 254)
4(270 287 288 271)
4(289 290 307 306)
4(306 307 324 323)
4(323 324 341 340)
4(340 341 358 357)
4(357 358 375 374)
4(374 375 392 391)
4(391 392 409 408)
4(408 409 426 425)
4(425 426 443 442)
4(442 443 460 459)
4(459 460 477 476)
4(476 477 494 493)
4(493 494 511 510)
4(510 511 528 527)
4(527 528 545 544)
4(544 545 562 561)
4(290 291 308 307)
4(307 308 325 324)
4(324 325 342 341)
4(341 342 359 358)
4(358 359 376 375)
4(375 376 393 392)
4(392 393 410 409)
4(409 410 427 426)
4(426 427 444 443)
4(443 444 461 460)
4(460 461 478 477)
4(477 478 495 494)
4(494 495 512 511)
4(511 512 529 528)
4(528 529 546 545)
4(545 546 563 562)
4(291 292 309 308)
4(308 309 326 325)
4(325 326 343 342)
4(342 343 360 359)
4(359 360 377 376)
4(376 377 394 393)
4(393 394 411 410)
4(410 411 428 427)
4(427 428 445 444)
4(444 445 462 461)
4(461 462 479 478)
4(478 479 496 495)
4(495 496 513 512)
4(512 513 530 529)
4(529 530 547 546)
4(546 547 564 563)
4(292 293 310 309)
4(309 310 327 326)
4(326 327 344 343)
4(343 344 361 360)
4(360 361 378 377)
4(377 378 395 394)
4(394 395 412 411)
4(411 412 429 428)
4(428 429 446 445)
4(445 446 463 462)
4(462 463 480 479)
4(479 480 497 496)
4(496 497 514 513)
4(513 514 531 530)
4(530 531 548 547)
4(547 548 565 564)
4(293 294 311 310)
4(310 311 328 327)
4(327 328 345 344)
4(344 345 362 361)
4(361 362 379 378)
4(378 379 396 395)
4(395 396 413 412)
4(412 413 430 429)
4(429 430 447 446)
4(446 447 464 463)
4(463 464 481 480)
4(480 481 498 497)
4(497 498 515 514)
4(514 515 532 531)
4(531 532 549 548)
4(548 549 566 565)
4(294 295 312 311)
4(311 312 329 328)
4(328 329 346 345)
4(345 346 363 362)
4(362 363 380 379)
4(379 380 397 396)
4(396 397 414 413)
4(413 414 431 430)
4(430 431 448 447)
4(447 448 465 464)
4(464 465 482 481)
4(481 482 499 498)
4(498 499 516 515)
4(515 516 533 532)
4(532 533 550 549)
4(549 550 567 566)
4(295 296 313 312)
4(312 313 330 329)
4(329 330 347 346)
4(346 347 364 363)
4(363 364 381 380)
4(380 381 398 397)
4(397 398 415 414)
4(414 415 432 431)
4(431 432 449 448)
4(448 449 466 465)
4(465 466 483 482)
4(482 483 500 499)
4(499 500 517 516)
4(516 517 534 533)
4(533 534 551 550)
4(550 551 568 567)
4(296 297 314 313)
4(313 314 331 330)
4(330 331 348 347)
4(347 348 365 364)
4(364 365 382 381)
4(381 382 399 398)
4(398 399 416 415)
4(415 416 433 432)
4(432 433 450 449)
4(449 450 467 466)
4(466 467 484 483)
4(483 484 501 500)
4(500 501 518 517)
4(517 518 535 534)
4(534 535 552 551)
4(551 552 569 568)
4(297 298 315 314)
4(314 315 332 331)
4(331 332 349 348)
4(348 349 366 365)
4(365 366 383 382)
4(382 383 400 399)
4(399 400 417 416)
4(416 417 434 433)
4(433 434 451 450)
4(450 451 468 467)
4(467 468 485 484)
4(484 485 502 501)
4(501 502 519 518)
4(518 519 536 535)
4(535 536 553 552)
4(552 553 570 569)
4(298 299 316 315)
4(315 316 333 332)
4(332 333 350 349)
4(349 350 367 366)
4(366 367 384 383)
4(383 384 401 400)
4(400 401 418 417)
4(417 418 435 434)
4(434 435 452 451)
4(451 452 469 468)
4(468 469 486 485)
4(485 486 503 502)
4(502 503 520 519)
4(519 520 537 536)
4(536 537 554 553)
4(553 554 571 570)
4(299 300 317 316)
4(316 317 334 333)
4(333 334 351 350)
4(350 351 368 367)
4(367 368 385 384)
4(384 385 402 401)
4(401 402 419 418)
4(418 419 436 435)
4(435 436 453 452)
4(452 453 470 469)
4(469 470 487 486)
4(486 487 504 503)
4(503 504 521 520)
4(520 521 538 537)
4(537 538 555 554)
4(554 555 572 571)
4(300 301 318 317)
4(317 318 335 334)
4(334 335 352 351)
4(351 352 369 368)
4(368 369 386 385)
4(385 386 403 402)
4(402 403 420 419)
4(419 420 437 436)
4(436 437 454 453)
4(453 454 471 470)
4(470 471 488 487)
4(487 488 505 504)
4(504 505 522 521)
4(521 522 539 538)
4(538 539 556 555)
4(555 556 573 572)
4(301 302 319 318)
4(318 319 336 335)
4(335 336 353 352)
4(352 353 370 369)
4(369 370 387 386)
4(386 387 404 403)
4(403 404 421 420)
4(420 421 438 437)
4(437 438 455 454)
4(454 455 472 471)
4(471 472 489 488)
4(488 489 506 505)
4(505 506 523 522)
4(522 523 540 539)
4(539 540 557 556)
4(556 557 574 573)
4(302 303 320 319)
4(319 320 337 336)
4(336 337 354 353)
4(353 354 371 370)
4(370 371 388 387)
4(387 388 405 404)
4(404 405 422 421)
4(421 422 439 438)
4(438 439 456 455)
4(455 456 473 472)
4(472 473 490 489)
4(489 490 507 506)
4(506 507 524 523)
4(523 524 541 540)
4(540 541 558 557)
4(557 558 575 574)
4(303 304 321 320)
4(320 321 338 337)
4(337 338 355 354)
4(354 355 372 371)
4(371 372 389 388)
4(388 389 406 405)
4(405 406 423 422)
4(422 423 440 439)
4(439 440 457 456)
4(456 457 474 473)
4(473 474 491 490)
4(490 491 508 507)
4(507 508 525 524)
4(524 525 542 541)
4(541 542 559 558)
4(558 559 576 575)
4(304 305 322 321)
4(321 322 339 338)
4(338 339 356 355)
4(355 356 373 372)
4(372 373 390 389)
4(389 390 407 406)
4(406 407 424 423)
4(423 424 441 440)
4(440 441 458 457)
4(457 458 475 474)
4(474 475 492 491)
4(491 492 509 508)
4(508 509 526 525)
4(525 526 543 542)
4(542 543 560 559)
4(559 560 577 576)
4(16 33 594 578)
4(33 50 610 594)
4(50 67 626 610)
4(67 84 642 626)
4(84 101 658 642)
4(101 118 674 658)
4(118 135 690 674)
4(135 152 706 690)
4(152 169 722 706)
4(169 186 738 722)
4(186 203 754 738)
4(203 220 770 754)
4(220 237 786 770)
4(237 254 802 786)
4(254 271 818 802)
4(271 288 834 818)
4(578 594 595 579)
4(594 610 611 595)
4(610 626 627 611)
4(626 642 643 627)
4(642 658 659 643)
4(658 674 675 659)
4(674 690 691 675)
4(690 706 707 691)
4(706 722 723 707)
4(722 738 739 723)
4(738 754 755 739)
4(754 770 771 755)
4(770 786 787 771)
4(786 802 803 787)
4(802 818 819 803)
4(818 834 835 819)
4(579 595 596 580)
4(595 611 612 596)
4(611 627 628 612)
4(627 643 644 628)
4(643 659 660 644)
4(659 675 676 660)
4(675 691 692 676)
4(691 707 708 692)
4(707 723 724 708)
4(723 739 740 724)
4(739 755 756 740)
4(755 771 772 756)
4(771 787 788 772)
4(787 803 804 788)
4(803 819 820 804)
4(819 835 836 820)
4(580 596 597 581)
4(596 612 613 597)
4(612 628 629 613)
4(628 644 645 629)
4(644 660 661 645)
4(660 676 677 661)
4(676 692 693 677)
4(692 708 709 693)
4(708 724 725 709)
4(724 740 741 725)
4(740 756 757 741)
4(756 772 773 757)
4(772 788 789 773)
4(788 804 805 789)
4(804 820 821 805)
4(820 836 837 821)
4(581 597 598 582)
4(597 613 614 598)
4(613 629 630 614)
4(629 645 646 630)
4(645 661 662 646)
4(661 677 678 662)
4(677 693 694 678)
4(693 709 710 694)
4(709 725 726 710)
4(725 741 742 726)
4(741 757 758 742)
4(757 773 774 758)
4(773 789 790 774)
4(789 805 806 790)
4(805 821 822 806)
4(821 837 838 822)
4(582 598 599 583)
4(598 614 615 599)
4(614 630 631 615)
4(630 646 647 631)
4(646 662 663 647)
4(662 678 679 663)
4(678 694 695 679)
4(694 710 711 695)
4(710 726 727 711)
4(726 742 743 727)
4(742 758 759 743)
4(758 774 775 759)
4(774 790 791 775)
4(790 806 807 791)
4(806 822 823 807)
4(822 838 839 823)
4(583 599 600 584)
4(599 615 616 600)
4(615 631 632 616)
4(631 647 648 632)
4(647 663 664 648)
4(663 679 680 664)
4(679 695 696 680)
4(695 711 712 696)
4(711 727 728 712)
4(727 743 744 728)
4(743 759 760 744)
4(759 775 776 760)
4(775 791 792 776)
4(791 807 808 792)
4(807 823 824 808)
4(823 839 840 824)
4(584 600 601 585)
4(600 616 617 601)
4(616 632 633 617)
4(632 648 649 633)
4(648 664 665 649)
4(664 680 681 665)
4(680 696 697 681)
4(696 712 713 697)
4(712 728 729 713)
4(728 744 745 729)
4(744 760 761 745)
4(760 776 777 761)
4(776 792 793 777)
4(792 808 809 793)
4(808 824 825 809)
4(824 840 841 825)
4(585 601 602 586)
4(601 617 618 602)
4(617 633 634 618)
4(633 649 650 634)
4(649 665 666 650)
4(665 681 682 666)
4(681 697 698 682)
4(697 713 714 698)
4(713 729 730 714)
4(729 745 746 730)
4(745 761 762 746)
4(761 777 778 762)
4(777 793 794 778)
4(793 809 810 794)
4(809 825 826 810)
4(825 841 842 826)
4(586 602 603 587)
4(602 618 619 603)
4(618 634 635 619)
4(634 650 651 635)
4(650 666 667 651)
4(666 682 683 667)
4(682 698 699 683)
4(698 714 715 699)
4(714 730 731 715)
4(730 746 747 731)
4(746 762 763 747)
4(762 778 779 763)
4(778 794 795 779)
4(794 810 811 795)
4(810 826 827 811)
4(826 842 843 827)
4(587 603 604 588)
4(603 619 620 604)
4(619 635 636 620)
4(635 651 652 636)
4(651 667 668 652)
4(667 683 684 668)
4(683 699 700 684)
4(699 715 716 700)
4(715 731 732 716)
4(731 747 748 732)
4(747 763 764 748)
4(763 779 780 764)
4(779 795 796 780)
4(795 811 812 796)
4(811 827 828 812)
4(827 843 844 828)
4(588 604 605 589)
4(604 620 621 605)
4(620 636 637 621)
4(636 652 653 637)
4(652 668 669 653)
4(668 684 685 669)
4(684 700 701 685)
4(700 716 717 701)
4(716 732 733 717)
4(732 748 749 733)
4(748 764 765 749)
4(764 780 781 765)
4(780 796 797 781)
4(796 812 813 797)
4(812 828 829 813)
4(828 844 845 829)
4(589 605 606 590)
4(605 621 622 606)
4(621 637 638 622)
4(637 653 654 638)
4(653 669 670 654)
4(669 685 686 670)
4(685 701 702 686)
4(701 717 718 702)
4(717 733 734 718)
4(733 749 750 734)
4(749 765 766 750)
4(765 781 782 766)
4(781 797 798 782)
4(797 813 814 798)
4(813 829 830 814)
4(829 845 846 830)
4(590 606 607 591)
4(606 622 623 607)
4(622 638 639 623)
4(638 654 655 639)
4(654 670 671 655)
4(670 686 687 671)
4(686 702 703 687)
4(702 718 719 703)
4(718 734 735 719)
4(734 750 751 735)
4(750 766 767 751)
4(766 782 783 767)
4(782 798 799 783)
4(798 814 815 799)
4(814 830 831 815)
4(830 846 847 831)
4(591 607 608 592)
4(607 623 624 608)
4(623 639 640 624)
4(639 655 656 640)
4(655 671 672 656)
4(671 687 688 672)
4(687 703 704 688)
4(703 719 720 704)
4(719 735 736 720)
4(735 751 752 736)
4(751 767 768 752)
4(767 783 784 768)
4(783 799 800 784)
4(799 815 816 800)
4(815 831 832 816)
4(831 847 848 832)
4(592 608 609 593)
4(608 624 625 609)
4(624 640 641 625)
4(640 656 657 641)
4(656 672 673 657)
4(672 688 689 673)
4(688 704 705 689)
4(704 720 721 705)
4(720 736 737 721)
4(736 752 753 737)
4(752 768 769 753)
4(768 784 785 769)
4(784 800 801 785)
4(800 816 817 801)
4(816 832 833 817)
4(832 848 849 833)
4(305 850 866 322)
4(322 866 882 339)
4(339 882 898 356)
4(356 898 914 373)
4(373 914 930 390)
4(390 930 946 407)
4(407 946 962 424)
4(424 962 978 441)
4(441 978 994 458)
4(458 994 1010 475)
4(475 1010 1026 492)
4(492 1026 1042 509)
4(509 1042 1058 526)
4(526 1058 1074 543)
4(543 1074 1090 560)
4(560 1090 1106 577)
4(850 851 867 866)
4(866 867 883 882)
4(882 883 899 898)
4(898 899 915 914)
4(914 915 931 930)
4(930 931 947 946)
4(946 947 963 962)
4(962 963 979 978)
4(978 979 995 994)
4(994 995 1011 1010)
4(1010 1011 1027 1026)
4(1026 1027 1043 1042)
4(1042 1043 1059 1058)
4(1058 1059 1075 1074)
4(1074 1075 1091 1090)
4(1090 1091 1107 1106)
4(851 852 868 867)
4(867 868 884 883)
4(883 884 900 899)
4(899 900 916 915)
4(915 916 932 931)
4(931 932 948 947)
4(947 948 964 963)
4(963 964 980 979)
4(979 980 996 995)
4(995 996 1012 1011)
4(1011 1012 1028 1027)
4(1027 1028 1044 1043)
4(1043 1044 1060 1059)
4(1059 1060 1076 1075)
4(1075 1076 1092 1091)
4(1091 1092 1108 1107)
4(852 853 869 868)
4(868 869 885 884)
4(884 885 901 900)
4(900 901 917 916)
4(916 917 933 932)
4(932 933 949 948)
4(948 949 965 964)
4(964 965 981 980)
4(980 981 997 996)
4(996 997 1013 1012)
4(1012 1013 1029 1028)
4(1028 1029 1045 1044)
4(1044 1045 1061 1060)
4(1060 1061 1077 1076)
4(1076 1077 1093 1092)
4(1092 1093 1109 1108)
4(853 854 870 869)
4(869 870 886 885)
4(885 886 902 901)
4(901 902 918 917)
4(917 918 934 933)
4(933 934 950 949)
4(949 950 966 965)
4(965 966 982 981)
4(981 982 998 997)
4(997 998 1014 1013)
4(1013 1014 1030 1029)
4(1029 1030 1046 1045)
4(1045 1046 1062 1061)
4(1061 1062 1078 1077)
4(1077 1078 1094 1093)
4(1093 1094 1110 1109)
4(854 855 871 870)
4(870 871 887 886)
4(886 887 903 902)
4(902 903 919 918)
4(918 919 935 934)
4(934 935 951 950)
4(950 951 967 966)
4(966 967 983 982)
4(982 983 999 998)
4(998 999 1015 1014)
4(1014 1015 1031 1030)
4(1030 1031 1047 1046)
4(1046 1047 1063 1062)
4(1062 1063 1079 1078)
4(1078 1079 1095 1094)
4(1094 1095 1111 1110)
4(855 856 872 871)
4(871 872 888 887)
4(887 888 904 903)
4(903 904 920 919)
4(919 920 936 935)
4(935 936 952 951)
4(951 952 968 967)
4(967 968 984 983)
4(983 984 1000 999)
4(999 1000 1016 1015)
4(1015 1016 1032 1031)
4(1031 1032 1048 1047)
4(1047 1048 1064 1063)
4(1063 1064 1080 1079)
4(1079 1080 1096 1095)
4(1095 1096 1112 1111)
4(856 857 873 872)
4(872 873 889 888)
4(888 889 905 904)
4(904 905 921 920)
4(920 921 937 936)
4(936 937 953 952)
4(952 953 969 968)
4(968 969 985 984)
4(984 985 1001 1000)
4(1000 1001 1017 1016)
4(1016 1017 1033 1032)
4(1032 1033 1049 1048)
4(1048 1049 1065 1064)
4(1064 1065 1081 1080)
4(1080 1081 1097 1096)
4(1096 1097 1113 1112)
4(857 858 874 873)
4(873 874 890 889)
4(889 890 906 905)
4(905 906 922 921)
4(921 922 938 937)
4(937 938 954 953)
4(953 954 970 969)
4(969 970 986 985)
4(985 986 1002 1001)
4(1001 1002 1018 1017)
4(1017 1018 1034 1033)
4(1033 1034 1050 1049)
4(1049 1050 1066 1065)
4(1065 1066 1082 1081)
4(1081 1082 1098 1097)
4(1097 1098 1114 1113)
4(858 859 875 874)
4(874 875 891 890)
4(890 891 907 906)
4(906 907 923 922)
4(922 923 939 938)
4(938 939 955 954)
4(954 955 971 970)
4(970 971 987 986)
4(986 987 1003 1002)
4(1002 1003 1019 1018)
4(1018 1019 1035 1034)
4(1034 1035 1051 1050)
4(1050 1051 1067 1066)
4(1066 1067 1083 1082)
4(1082 1083 1099 1098)
4(1098 1099 1115 1114)
4(859 860 876 875)
4(875 876 892 891)
4(891 892 908 907)
4(907 908 924 923)
4(923 924 940 939)
4(939 940 956 955)
4(955 956 972 971)
4(971 972 988 987)
4(987 988 1004 1003)
4(1003 1004 1020 1019)
4(1019 1020 1036 1035)
4(1035 1036 1052 1051)
4(1051 1052 1068 1067)
4(1067 1068 1084 1083)
4(1083 1084 1100 1099)
4(1099 1100 1116 1115)
4(860 861 877 876)
4(876 877 893 892)
4(892 893 909 908)
4(908 909 925 924)
4(924 925 941 940)
4(940 941 957 956)
4(956 957 973 972)
4(972 973 989 988)
4(988 989 1005 1004)
4(1004 1005 1021 1020)
4(1020 1021 1037 1036)
4(1036 1037 1053 1052)
4(1052 1053 1069 1068)
4(1068 1069 1085 1084)
4(1084 1085 1101 1100)
4(1100 1101 1117 1116)
4(861 862 878 877)
4(877 878 894 893)
4(893 894 910 909)
4(909 910 926 925)
4(925 926 942 941)
4(941 942 958 957)
4(957 958 974 973)
4(973 974 990 989)
4(989 990 1006 1005)
4(1005 1006 1022 1021)
4(1021 1022 1038 1037)
4(1037 1038 1054 1053)
4(1053 1054 1070 1069)
4(1069 1070 1086 1085)
4(1085 1086 1102 1101)
4(1101 1102 1118 1117)
4(862 863 879 878)
4(878 879 895 894)
4(894 895 911 910)
4(910 911 927 926)
4(926 927 943 942)
4(942 943 959 958)
4(958 959 975 974)
4(974 975 991 990)
4(990 991 1007 1006)
4(1006 1007 1023 1022)
4(1022 1023 1039 1038)
4(1038 1039 1055 1054)
4(1054 1055 1071 1070)
4(1070 1071 1087 1086)
4(1086 1087 1103 1102)
4(1102 1103 1119 1118)
4(863 864 880 879)
4(879 880 896 895)
4(895 896 912 911)
4(911 912 928 927)
4(927 928 944 943)
4(943 944 960 959)
4(959 960 976 975)
4(975 976 992 991)
4(991 992 1008 1007)
4(1007 1008 1024 1023)
4(1023 1024 1040 1039)
4(1039 1040 1056 1055)
4(1055 1056 1072 1071)
4(1071 1072 1088 1087)
4(1087 1088 1104 1103)
4(1103 1104 1120 1119)
4(864 865 881 880)
4(880 881 897 896)
4(896 897 913 912)
4(912 913 929 928)
4(928 929 945 944)
4(944 945 961 960)
4(960 961 977 976)
4(976 977 993 992)
4(992 993 1009 1008)
4(1008 1009 1025 1024)
4(1024 1025 1041 1040)
4(1040 1041 1057 1056)
4(1056 1057 1073 1072)
4(1072 1073 1089 1088)
4(1088 1089 1105 1104)
4(1104 1105 1121 1120)
4(593 609 1138 1122)
4(609 625 1154 1138)
4(625 641 1170 1154)
4(641 657 1186 1170)
4(657 673 1202 1186)
4(673 689 1218 1202)
4(689 705 1234 1218)
4(705 721 1250 1234)
4(721 737 1266 1250)
4(737 753 1282 1266)
4(753 769 1298 1282)
4(769 785 1314 1298)
4(785 801 1330 1314)
4(801 817 1346 1330)
4(817 833 1362 1346)
4(833 849 1378 1362)
4(1122 1138 1139 1123)
4(1138 1154 1155 1139)
4(1154 1170 1171 1155)
4(1170 1186 1187 1171)
4(1186 1202 1203 1187)
4(1202 1218 1219 1203)
4(1218 1234 1235 1219)
4(1234 1250 1251 1235)
4(1250 1266 1267 1251)
4(1266 1282 1283 1267)
4(1282 1298 1299 1283)
4(1298 1314 1315 1299)
4(1314 1330 1331 1315)
4(1330 1346 1347 1331)
4(1346 1362 1363 1347)
4(1362 1378 1379 1363)
4(1123 1139 1140 1124)
4(1139 1155 1156 1140)
4(1155 1171 1172 1156)
4(1171 1187 1188 1172)
4(1187 1203 1204 1188)
4(1203 1219 1220 1204)
4(1219 1235 1236 1220)
4(1235 1251 1252 1236)
4(1251 1267 1268 1252)
4(1267 1283 1284 1268)
4(1283 1299 1300 1284)
4(1299 1315 1316 1300)
4(1315 1331 1332 1316)
4(1331 1347 1348 1332)
4(1347 1363 1364 1348)
4(1363 1379 1380 1364)
4(1124 1140 1141 1125)
4(1140 1156 1157 1141)
4(1156 1172 1173 1157)
4(1172 1188 1189 1173)
4(1188 1204 1205 1189)
4(1204 1220 1221 1205)
4(1220 1236 1237 1221)
4(1236 1252 1253 1237)
4(1252 1268 1269 1253)
4(1268 1284 1285 1269)
4(1284 1300 1301 1285)
4(1300 1316 1317 1301)
4(1316 1332 1333 1317)
4(1332 1348 1349 1333)
4(1348 1364 1365 1349)
4(1364 1380 1381 1365)
4(1125 1141 1142 1126)
4(1141 1157 1158 1142)
4(1157 1173 1174 1158)
4(1173 1189 1190 1174)
4(1189 1205 1206 1190)
4(1205 1221 1222 1206)
4(1221 1237 1238 1222)
4(1237 1253 1254 1238)
4(1253 1269 1270 1254)
4(1269 1285 1286 1270)
4(1285 1301 1302 1286)
4(1301 1317 1318 1302)
4(1317 1333 1334 1318)
4(1333 1349 1350 1334)
4(1349 1365 1366 1350)
4(1365 1381 1382 1366)
4(1126 1142 1143 1127)
4(1142 1158 1159 1143)
4(1158 1174 1175 1159)
4(1174 1190 1191 1175)
4(1190 1206 1207 1191)
4(1206 1222 1223 1207)
4(1222 1238 1239 1223)
4(1238 1254 1255 1239)
4(1254 1270 1271 1255)
4(1270 1286 1287 1271)
4(1286 1302 1303 1287)
4(1302 1318 1319 1303)
4(1318 1334 1335 1319)
4(1334 1350 1351 1335)
4(1350 1366 1367 1351)
4(1366 1382 1383 1367)
4(1127 1143 1144 1128)
4(1143 1159 1160 1144)
4(1159 1175 1176 1160)
4(1175 1191 1192 1176)
4(1191 1207 1208 1192)
4(1207 1223 1224 1208)
4(1223 1239 1240 1224)
4(1239 1255 1256 1240)
4(1255 1271 1272 1256)
4(1271 1287 1288 1272)
4(1287 1303 1304 1288)
4(1303 1319 1320 1304)
4(1319 1335 1336 1320)
4(1335 1351 1352 1336)
4(1351 1367 1368 1352)
4(1367 1383 1384 1368)
4(1128 1144 1145 1129)
4(1144 1160 1161 1145)
4(1160 1176 1177 1161)
4(1176 1192 1193 1177)
4(1192 1208 1209 1193)
4(1208 1224 1225 1209)
4(1224 1240 1241 1225)
4(1240 1256 1257 1241)
4(1256 1272 1273 1257)
4(1272 1288 1289 1273)
4(1288 1304 1305 1289)
4(1304 1320 1321 1305)
4(1320 1336 1337 1321)
4(1336 1352 1353 1337)
4(1352 1368 1369 1353)
4(1368 1384 1385 1369)
4(1129 1145 1146 1130)
4(1145 1161 1162 1146)
4(1161 1177 1178 1162)
4(1177 1193 1194 1178)
4(1193 1209 1210 1194)
4(1209 1225 1226 1210)
4(1225 1241 1242 1226)
4(1241 1257 1258 1242)
4(1257 1273 1274 1258)
4(1273 1289 1290 1274)
4(1289 1305 1306 1290)
4(1305 1321 1322 1306)
4(1321 1337 1338 1322)
4(1337 1353 1354 1338)
4(1353 1369 1370 1354)
4(1369 1385 1386 1370)
4(1130 1146 1147 1131)
4(1146 1162 1163 1147)
4(1162 1178 1179 1163)
4(1178 1194 1195 1179)
4(1194 1210 1211 1195)
4(1210 1226 1227 1211)
4(1226 1242 1243 1227)
4(1242 1258 1259 1243)
4(1258 1274 1275 1259)
4(1274 1290 1291 1275)
4(1290 1306 1307 1291)
4(1306 1322 1323 1307)
4(1322 1338 1339 1323)
4(1338 1354 1355 1339)
4(1354 1370 1371 1355)
4(1370 1386 1387 1371)
4(1131 1147 1148 1132)
4(1147 1163 1164 1148)
4(1163 1179 1180 1164)
4(1179 1195 1196 1180)
4(1195 1211 1212 1196)
4(1211 1227 1228 1212)
4(1227 1243 1244 1228)
4(1243 1259 1260 1244)
4(1259 1275 1276 1260)
4(1275 1291 1292 1276)
4(1291 1307 1308 1292)
4(1307 1323 1324 1308)
4(1323 1339 1340 1324)
4(1339 1355 1356 1340)
4(1355 1371 1372 1356)
4(1371 1387 1388 1372)
4(1132 1148 1149 1133)
4(1148 1164 1165 1149)
4(1164 1180 1181 1165)
4(1180 1196 1197 1181)
4(1196 1212 1213 1197)
4(1212 1228 1229 1213)
4(1228 1244 1245 1229)
4(1244 1260 1261 1245)
4(1260 1276 1277 1261)
4(1276 1292 1293 1277)
4(1292 1308 1309 1293)
4(1308 1324 1325 1309)
4(1324 1340 1341 1325)
4(1340 1356 1357 1341)
4(1356 1372 1373 1357)
4(1372 1388 1389 1373)
4(1133 1149 1150 1134)
4(1149 1165 1166 1150)
4(1165 1181 1182 1166)
4(1181 1197 1198 1182)
4(1197 1213 1214 1198)
4(1213 1229 1230 1214)
4(1229 1245 1246 1230)
4(1245 1261 1262 1246)
4(1261 1277 1278 1262)
4(1277 1293 1294 1278)
4(1293 1309 1310 1294)
4(1309 1325 1326 1310)
4(1325 1341 1342 1326)
4(1341 1357 1358 1342)
4(1357 1373 1374 1358)
4(1373 1389 1390 1374)
4(1134 1150 1151 1135)
4(1150 1166 1167 1151)
4(1166 1182 1183 1167)
4(1182 1198 1199 1183)
4(1198 1214 1215 1199)
4(1214 1230 1231 1215)
4(1230 1246 1247 1231)
4(1246 1262 1263 1247)
4(1262 1278 1279 1263)
4(1278 1294 1295 1279)
4(1294 1310 1311 1295)
4(1310 1326 1327 1311)
4(1326 1342 1343 1327)
4(1342 1358 1359 1343)
4(1358 1374 1375 1359)
4(1374 1390 1391 1375)
4(1135 1151 1152 1136)
4(1151 1167 1168 1152)
4(1167 1183 1184 1168)
4(1183 1199 1200 1184)
4(1199 1215 1216 1200)
4(1215 1231 1232 1216)
4(1231 1247 1248 1232)
4(1247 1263 1264 1248)
4(1263 1279 1280 1264)
4(1279 1295 1296 1280)
4(1295 1311 1312 1296)
4(1311 1327 1328 1312)
4(1327 1343 1344 1328)
4(1343 1359 1360 1344)
4(1359 1375 1376 1360)
4(1375 1391 1392 1376)
4(1136 1152 1153 1137)
4(1152 1168 1169 1153)
4(1168 1184 1185 1169)
4(1184 1200 1201 1185)
4(1200 1216 1217 1201)
4(1216 1232 1233 1217)
4(1232 1248 1249 1233)
4(1248 1264 1265 1249)
4(1264 1280 1281 1265)
4(1280 1296 1297 1281)
4(1296 1312 1313 1297)
4(1312 1328 1329 1313)
4(1328 1344 1345 1329)
4(1344 1360 1361 1345)
4(1360 1376 1377 1361)
4(1376 1392 1393 1377)
4(865 1394 1410 881)
4(881 1410 1426 897)
4(897 1426 1442 913)
4(913 1442 1458 929)
4(929 1458 1474 945)
4(945 1474 1490 961)
4(961 1490 1506 977)
4(977 1506 1522 993)
4(993 1522 1538 1009)
4(1009 1538 1554 1025)
4(1025 1554 1570 1041)
4(1041 1570 1586 1057)
4(1057 1586 1602 1073)
4(1073 1602 1618 1089)
4(1089 1618 1634 1105)
4(1105 1634 1650 1121)
4(1394 1395 1411 1410)
4(1410 1411 1427 1426)
4(1426 1427 1443 1442)
4(1442 1443 1459 1458)
4(1458 1459 1475 1474)
4(1474 1475 1491 1490)
4(1490 1491 1507 1506)
4(1506 1507 1523 1522)
4(1522 1523 1539 1538)
4(1538 1539 1555 1554)
4(1554 1555 1571 1570)
4(1570 1571 1587 1586)
4(1586 1587 1603 1602)
4(1602 1603 1619 1618)
4(1618 1619 1635 1634)
4(1634 1635 1651 1650)
4(1395 1396 1412 1411)
4(1411 1412 1428 1427)
4(1427 1428 1444 1443)
4(1443 1444 1460 1459)
4(1459 1460 1476 1475)
4(1475 1476 1492 1491)
4(1491 1492 1508 1507)
4(1507 1508 1524 1523)
4(1523 1524 1540 1539)
4(1539 1540 1556 1555)
4(1555 1556 1572 1571)
4(1571 1572 1588 1587)
4(1587 1588 1604 1603)
4(1603 1604 1620 1619)
4(1619 1620 1636 1635)
4(1635 1636 1652 1651)
4(1396 1397 1413 1412)
4(1412 1413 1429 1428)
4(1428 1429 1445 1444)
4(1444 1445 1461 1460)
4(1460 1461 1477 1476)
4(1476 1477 1493 1492)
4(1492 1493 1509 1508)
4(1508 1509 1525 1524)
4(1524 1525 1541 1540)
4(1540 1541 1557 1556)
4(1556 1557 1573 1572)
4(1572 1573 1589 1588)
4(1588 1589 1605 1604)
4(1604 1605 1621 1620)
4(1620 1621 1637 1636)
4(1636 1637 1653 1652)
4(1397 1398 1414 1413)
4(1413 1414 1430 1429)
4(1429 1430 1446 1445)
4(1445 1446 1462 1461)
4(1461 1462 1478 1477)
4(1477 1478 1494 1493)
4(1493 1494 1510 1509)
4(1509 1510 1526 1525)
4(1525 1526 1542 1541)
4(1541 1542 1558 1557)
4(1557 1558 1574 1573)
4(1573 1574 1590 1589)
4(1589 1590 1606 1605)
4(1605 1606 1622 1621)
4(1621 1622 1638 1637)
4(1637 1638 1654 1653)
4(1398 1399 1415 1414)
4(1414 1415 1431 1430)
4(1430 1431 1447 1446)
4(1446 1447 1463 1462)
4(1462 1463 1479 1478)
4(1478 1479 1495 1494)
4(1494 1495 1511 1510)
4(1510 1511 1527 1526)
4(1526 1527 1543 1542)
4(1542 1543 1559 1558)
4(1558 1559 1575 1574)
4(1574 1575 1591 1590)
4(1590 1591 1607 1606)
4(1606 1607 1623 1622)
4(1622 1623 1639 1638)
4(1638 1639 1655 1654)
4(1399 1400 1416 1415)
4(1415 1416 1432 1431)
4(1431 1432 1448 1447)
4(1447 1448 1464 1463)
4(1463 1464 1480 1479)
4(1479 1480 1496 1495)
4(1495 1496 1512 1511)
4(1511 1512 1528 1527)
4(1527 1528 1544 1543)
4(1543 1544 1560 1559)
4(1559 1560 1576 1575)
4(1575 1576 1592 1591)
4(1591 1592 1608 1607)
4(1607 1608 1624 1623)
4(1623 1624 1640 1639)
4(1639 1640 1656 1655)
4(1400 1401 1417 1416)
4(1416 1417 1433 1432)
4(1432 1433 1449 1448)
4(1448 1449 1465 1464)
4(1464 1465 1481 1480)
4(1480 1481 1497 1496)
4(1496 1497 1513 1512)
4(1512 1513 1529 1528)
4(1528 1529 1545 1544)
4(1544 1545 1561 1560)
4(1560 1561 1577 1576)
4(1576 1577 1593 1592)
4(1592 1593 1609 1608)
4(1608 1609 1625 1624)
4(1624 1625 1641 1640)
4(1640 1641 1657 1656)
4(1401 1402 1418 1417)
4(1417 1418 1434 1433)
4(1433 1434 1450 1449)
4(1449 1450 1466 1465)
4(1465 1466 1482 1481)
4(1481 1482 1498 1497)
4(1497 1498 1514 1513)
4(1513 1514 1530 1529)
4(1529 1530 1546 1545)
4(1545 1546 1562 1561)
4(1561 1562 1578 1577)
4(1577 1578 1594 1593)
4(1593 1594 1610 1609)
4(1609 1610 1626 1625)
4(1625 1626 1642 1641)
4(1641 1642 1658 1657)
4(1402 1403 1419 1418)
4(1418 1419 1435 1434)
4(1434 1435 1451 1450)
4(1450 1451 1467 1466)
4(1466 1467 1483 1482)
4(1482 1483 1499 1498)
4(1498 1499 1515 1514)
4(1514 1515 1531 1530)
4(1530 1531 1547 1546)
4(1546 1547 1563 1562)
4(1562 1563 1579 1578)
4(1578 1579 1595 1594)
4(1594 1595 1611 1610)
4(1610 1611 1627 1626)
4(1626 1627 1643 1642)
4(1642 1643 1659 1658)
4(1403 1404 1420 1419)
4(1419 1420 1436 1435)
4(1435 1436 1452 1451)
4(1451 1452 1468 1467)
4(1467 1468 1484 1483)
4(1483 1484 1500 1499)
4(1499 1500 1516 1515)
4(1515 1516 1532 1531)
4(1531 1532 1548 1547)
4(1547 1548 1564 1563)
4(1563 1564 1580 1579)
4(1579 1580 1596 1595)
4(1595 1596 1612 1611)
4(1611 1612 1628 1627)
4(1627 1628 1644 1643)
4(1643 1644 1660 1659)
4(1404 1405 1421 1420)
4(1420 1421 1437 1436)
4(1436 1437 1453 1452)
4(1452 1453 1469 1468)
4(1468 1469 1485 1484)
4(1484 1485 1501 1500)
4(1500 1501 1517 1516)
4(1516 1517 1533 1532)
4(1532 1533 1549 1548)
4(1548 1549 1565 1564)
4(1564 1565 1581 1580)
4(1580 1581 1597 1596)
4(1596 1597 1613 1612)
4(1612 1613 1629 1628)
4(1628 1629 1645 1644)
4(1644 1645 1661 1660)
4(1405 1406 1422 1421)
4(1421 1422 1438 1437)
4(1437 1438 1454 1453)
4(1453 1454 1470 1469)
4(1469 1470 1486 1485)
4(1485 1486 1502 1501)
4(1501 1502 1518 1517)
4(1517 1518 1534 1533)
4(1533 1534 1550 1549)
4(1549 1550 1566 1565)
4(1565 1566 1582 1581)
4(1581 1582 1598 1597)
4(1597 1598 1614 1613)
4(1613 1614 1630 1629)
4(1629 1630 1646 1645)
4(1645 1646 1662 1661)
4(1406 1407 1423 1422)
4(1422 1423 1439 1438)
4(1438 1439 1455 1454)
4(1454 1455 1471 1470)
4(1470 1471 1487 1486)
4(1486 1487 1503 1502)
4(1502 1503 1519 1518)
4(1518 1519 1535 1534)
4(1534 1535 1551 1550)
4(1550 1551 1567 1566)
4(1566 1567 1583 1582)
4(1582 1583 1599 1598)
4(1598 1599 1615 1614)
4(1614 1615 1631 1630)
4(1630 1631 1647 1646)
4(1646 1647 1663 1662)
4(1407 1408 1424 1423)
4(1423 1424 1440 1439)
4(1439 1440 1456 1455)
4(1455 1456 1472 1471)
4(1471 1472 1488 1487)
4(1487 1488 1504 1503)
4(1503 1504 1520 1519)
4(1519 1520 1536 1535)
4(1535 1536 1552 1551)
4(1551 1552 1568 1567)
4(1567 1568 1584 1583)
4(1583 1584 1600 1599)
4(1599 1600 1616 1615)
4(1615 1616 1632 1631)
4(1631 1632 1648 1647)
4(1647 1648 1664 1663)
4(1408 1409 1425 1424)
4(1424 1425 1441 1440)
4(1440 1441 1457 1456)
4(1456 1457 1473 1472)
4(1472 1473 1489 1488)
4(1488 1489 1505 1504)
4(1504 1505 1521 1520)
4(1520 1521 1537 1536)
4(1536 1537 1553 1552)
4(1552 1553 1569 1568)
4(1568 1569 1585 1584)
4(1584 1585 1601 1600)
4(1600 1601 1617 1616)
4(1616 1617 1633 1632)
4(1632 1633 1649 1648)
4(1648 1649 1665 1664)
4(1137 1153 1681 1666)
4(1153 1169 1696 1681)
4(1169 1185 1711 1696)
4(1185 1201 1726 1711)
4(1201 1217 1741 1726)
4(1217 1233 1756 1741)
4(1233 1249 1771 1756)
4(1249 1265 1786 1771)
4(1265 1281 1801 1786)
4(1281 1297 1816 1801)
4(1297 1313 1831 1816)
4(1313 1329 1846 1831)
4(1329 1345 1861 1846)
4(1345 1361 1876 1861)
4(1361 1377 1891 1876)
4(1377 1393 1906 1891)
4(1666 1681 1682 1667)
4(1681 1696 1697 1682)
4(1696 1711 1712 1697)
4(1711 1726 1727 1712)
4(1726 1741 1742 1727)
4(1741 1756 1757 1742)
4(1756 1771 1772 1757)
4(1771 1786 1787 1772)
4(1786 1801 1802 1787)
4(1801 1816 1817 1802)
4(1816 1831 1832 1817)
4(1831 1846 1847 1832)
4(1846 1861 1862 1847)
4(1861 1876 1877 1862)
4(1876 1891 1892 1877)
4(1891 1906 1907 1892)
4(1667 1682 1683 1668)
4(1682 1697 1698 1683)
4(1697 1712 1713 1698)
4(1712 1727 1728 1713)
4(1727 1742 1743 1728)
4(1742 1757 1758 1743)
4(1757 1772 1773 1758)
4(1772 1787 1788 1773)
4(1787 1802 1803 1788)
4(1802 1817 1818 1803)
4(1817 1832 1833 1818)
4(1832 1847 1848 1833)
4(1847 1862 1863 1848)
4(1862 1877 1878 1863)
4(1877 1892 1893 1878)
4(1892 1907 1908 1893)
4(1668 1683 1684 1669)
4(1683 1698 1699 1684)
4(1698 1713 1714 1699)
4(1713 1728 1729 1714)
4(1728 1743 1744 1729)
4(1743 1758 1759 1744)
4(1758 1773 1774 1759)
4(1773 1788 1789 1774)
4(1788 1803 1804 1789)
4(1803 1818 1819 1804)
4(1818 1833 1834 1819)
4(1833 1848 1849 1834)
4(1848 1863 1864 1849)
4(1863 1878 1879 1864)
4(1878 1893 1894 1879)
4(1893 1908 1909 1894)
4(1669 1684 1685 1670)
4(1684 1699 1700 1685)
4(1699 1714 1715 1700)
4(1714 1729 1730 1715)
4(1729 1744 1745 1730)
4(1744 1759 1760 1745)
4(1759 1774 1775 1760)
4(1774 1789 1790 1775)
4(1789 1804 1805 1790)
4(1804 1819 1820 1805)
4(1819 1834 1835 1820)
4(1834 1849 1850 1835)
4(1849 1864 1865 1850)
4(1864 1879 1880 1865)
4(1879 1894 1895 1880)
4(1894 1909 1910 1895)
4(1670 1685 1686 1671)
4(1685 1700 1701 1686)
4(1700 1715 1716 1701)
4(1715 1730 1731 1716)
4(1730 1745 1746 1731)
4(1745 1760 1761 1746)
4(1760 1775 1776 1761)
4(1775 1790 1791 1776)
4(1790 1805 1806 1791)
4(1805 1820 1821 1806)
4(1820 1835 1836 1821)
4(1835 1850 1851 1836)
4(1850 1865 1866 1851)
4(1865 1880 1881 1866)
4(1880 1895 1896 1881)
4(1895 1910 1911 1896)
4(1671 1686 1687 1672)
4(1686 1701 1702 1687)
4(1701 1716 1717 1702)
4(1716 1731 1732 1717)
4(1731 1746 1747 1732)
4(1746 1761 1762 1747)
4(1761 1776 1777 1762)
4(1776 1791 1792 1777)
4(1791 1806 1807 1792)
4(1806 1821 1822 1807)
4(1821 1836 1837 1822)
4(1836 1851 1852 1837)
4(1851 1866 1867 1852)
4(1866 1881 1882 1867)
4(1881 1896 1897 1882)
4(1896 1911 1912 1897)
4(1672 1687 1688 1673)
4(1687 1702 1703 1688)
4(1702 1717 1718 1703)
4(1717 1732 1733 1718)
4(1732 1747 1748 1733)
4(1747 1762 1763 1748)
4(1762 1777 1778 1763)
4(1777 1792 1793 1778)
4(1792 1807 1808 1793)
4(1807 1822 1823 1808)
4(1822 1837 1838 1823)
4(1837 1852 1853 1838)
4(1852 1867 1868 1853)
4(1867 1882 1883 1868)
4(1882 1897 1898 1883)
4(1897 1912 1913 1898)
4(1673 1688 1689 1674)
4(1688 1703 1704 1689)
4(1703 1718 1719 1704)
4(1718 1733 1734 1719)
4(1733 1748 1749 1734)
4(1748 1763 1764 1749)
4(1763 1778 1779 1764)
4(1778 1793 1794 1779)
4(1793 1808 1809 1794)
4(1808 1823 1824 1809)
4(1823 1838 1839 1824)
4(1838 1853 1854 1839)
4(1853 1868 1869 1854)
4(1868 1883 1884 1869)
4(1883 1898 1899 1884)
4(1898 1913 1914 1899)
4(1674 1689 1690 1675)
4(1689 1704 1705 1690)
4(1704 1719 1720 1705)
4(1719 1734 1735 1720)
4(1734 1749 1750 1735)
4(1749 1764 1765 1750)
4(1764 1779 1780 1765)
4(1779 1794 1795 1780)
4(1794 1809 1810 1795)
4(1809 1824 1825 1810)
4(1824 1839 1840 1825)
4(1839 1854 1855 1840)
4(1854 1869 1870 1855)
4(1869 1884 1885 1870)
4(1884 1899 1900 1885)
4(1899 1914 1915 1900)
4(1675 1690 1691 1676)
4(1690 1705 1706 1691)
4(1705 1720 1721 1706)
4(1720 1735 1736 1721)
4(1735 1750 1751 1736)
4(1750 1765 1766 1751)
4(1765 1780 1781 1766)
4(1780 1795 1796 1781)
4(1795 1810 1811 1796)
4(1810 1825 1826 1811)
4(1825 1840 1841 1826)
4(1840 1855 1856 1841)
4(1855 1870 1871 1856)
4(1870 1885 1886 1871)
4(1885 1900 1901 1886)
4(1900 1915 1916 1901)
4(1676 1691 1692 1677)
4(1691 1706 1707 1692)
4(1706 1721 1722 1707)
4(1721 1736 1737 1722)
4(1736 1751 1752 1737)
4(1751 1766 1767 1752)
4(1766 1781 1782 1767)
4(1781 1796 1797 1782)
4(1796 1811 1812 1797)
4(1811 1826 1827 1812)
4(1826 1841 1842 1827)
4(1841 1856 1857 1842)
4(1856 1871 1872 1857)
4(1871 1886 1887 1872)
4(1886 1901 1902 1887)
4(1901 1916 1917 1902)
4(1677 1692 1693 1678)
4(1692 1707 1708 1693)
4(1707 1722 1723 1708)
4(1722 1737 1738 1723)
4(1737 1752 1753 1738)
4(1752 1767 1768 1753)
4(1767 1782 1783 1768)
4(1782 1797 1798 1783)
4(1797 1812 1813 1798)
4(1812 1827 1828 1813)
4(1827 1842 1843 1828)
4(1842 1857 1858 1843)
4(1857 1872 1873 1858)
4(1872 1887 1888 1873)
4(1887 1902 1903 1888)
4(1902 1917 1918 1903)
4(1678 1693 1694 1679)
4(1693 1708 1709 1694)
4(1708 1723 1724 1709)
4(1723 1738 1739 1724)
4(1738 1753 1754 1739)
4(1753 1768 1769 1754)
4(1768 1783 1784 1769)
4(1783 1798 1799 1784)
4(1798 1813 1814 1799)
4(1813 1828 1829 1814)
4(1828 1843 1844 1829)
4(1843 1858 1859 1844)
4(1858 1873 1874 1859)
4(1873 1888 1889 1874)
4(1888 1903 1904 1889)
4(1903 1918 1919 1904)
4(1679 1694 1695 1680)
4(1694 1709 1710 1695)
4(1709 1724 1725 1710)
4(1724 1739 1740 1725)
4(1739 1754 1755 1740)
4(1754 1769 1770 1755)
4(1769 1784 1785 1770)
4(1784 1799 1800 1785)
4(1799 1814 1815 1800)
4(1814 1829 1830 1815)
4(1829 1844 1845 1830)
4(1844 1859 1860 1845)
4(1859 1874 1875 1860)
4(1874 1889 1890 1875)
4(1889 1904 1905 1890)
4(1904 1919 1920 1905)
4(1680 1695 17 0)
4(1695 1710 34 17)
4(1710 1725 51 34)
4(1725 1740 68 51)
4(1740 1755 85 68)
4(1755 1770 102 85)
4(1770 1785 119 102)
4(1785 1800 136 119)
4(1800 1815 153 136)
4(1815 1830 170 153)
4(1830 1845 187 170)
4(1845 1860 204 187)
4(1860 1875 221 204)
4(1875 1890 238 221)
4(1890 1905 255 238)
4(1905 1920 272 255)
4(1409 1921 1936 1425)
4(1425 1936 1951 1441)
4(1441 1951 1966 1457)
4(1457 1966 1981 1473)
4(1473 1981 1996 1489)
4(1489 1996 2011 1505)
4(1505 2011 2026 1521)
4(1521 2026 2041 1537)
4(1537 2041 2056 1553)
4(1553 2056 2071 1569)
4(1569 2071 2086 1585)
4(1585 2086 2101 1601)
4(1601 2101 2116 1617)
4(1617 2116 2131 1633)
4(1633 2131 2146 1649)
4(1649 2146 2161 1665)
4(1921 1922 1937 1936)
4(1936 1937 1952 1951)
4(1951 1952 1967 1966)
4(1966 1967 1982 1981)
4(1981 1982 1997 1996)
4(1996 1997 2012 2011)
4(2011 2012 2027 2026)
4(2026 2027 2042 2041)
4(2041 2042 2057 2056)
4(2056 2057 2072 2071)
4(2071 2072 2087 2086)
4(2086 2087 2102 2101)
4(2101 2102 2117 2116)
4(2116 2117 2132 2131)
4(2131 2132 2147 2146)
4(2146 2147 2162 2161)
4(1922 1923 1938 1937)
4(1937 1938 1953 1952)
4(1952 1953 1968 1967)
4(1967 1968 1983 1982)
4(1982 1983 1998 1997)
4(1997 1998 2013 2012)
4(2012 2013 2028 2027)
4(2027 2028 2043 2042)
4(2042 2043 2058 2057)
4(2057 2058 2073 2072)
4(2072 2073 2088 2087)
4(2087 2088 2103 2102)
4(2102 2103 2118 2117)
4(2117 2118 2133 2132)
4(2132 2133 2148 2147)
4(2147 2148 2163 2162)
4(1923 1924 1939 1938)
4(1938 1939 1954 1953)
4(1953 1954 1969 1968)
4(1968 1969 1984 1983)
4(1983 1984 1999 1998)
4(1998 1999 2014 2013)
4(2013 2014 2029 2028)
4(2028 2029 2044 2043)
4(2043 2044 2059 2058)
4(2058 2059 2074 2073)
4(2073 2074 2089 2088)
4(2088 2089 2104 2103)
4(2103 2104 2119 2118)
4(2118 2119 2134 2133)
4(2133 2134 2149 2148)
4(2148 2149 2164 2163)
4(1924 1925 1940 1939)
4(1939 1940 1955 1954)
4(1954 1955 1970 1969)
4(1969 1970 1985 1984)
4(1984 1985 2000 1999)
4(1999 2000 2015 2014)
4(2014 2015 2030 2029)
4(2029 2030 2045 2044)
4(2044 2045 2060 2059)
4(2059 2060 2075 2074)
4(2074 2075 2090 2089)
4(2089 2090 2105 2104)
4(2104 2105 2120 2119)
4(2119 2120 2135 2134)
4(2134 2135 2150 2149)
4(2149 2150 2165 2164)
4(1925 1926 1941 1940)
4(1940 1941 1956 1955)
4(1955 1956 1971 1970)
4(1970 1971 1986 1985)
4(1985 1986 2001 2000)
4(2000 2001 2016 2015)
4(2015 2016 2031 2030)
4(2030 2031 2046 2045)
4(2045 2046 2061 2060)
4(2060 2061 2076 2075)
4(2075 2076 2091 2090)
4(2090 2091 2106 2105)
4(2105 2106 2121 2120)
4(2120 2121 2136 2135)
4(2135 2136 2151 2150)
4(2150 2151 2166 2165)
4(1926 1927 1942 1941)
4(1941 1942 1957 1956)
4(1956 1957 1972 1971)
4(1971 1972 1987 1986)
4(1986 1987 2002 2001)
4(2001 2002 2017 2016)
4(2016 2017 2032 2031)
4(2031 2032 2047 2046)
4(2046 2047 2062 2061)
4(2061 2062 2077 2076)
4(2076 2077 2092 2091)
4(2091 2092 2107 2106)
4(2106 2107 2122 2121)
4(2121 2122 2137 2136)
4(2136 2137 2152 2151)
4(2151 2152 2167 2166)
4(1927 1928 1943 1942)
4(1942 1943 1958 1957)
4(1957 1958 1973 1972)
4(1972 1973 1988 1987)
4(1987 1988 2003 2002)
4(2002 2003 2018 2017)
4(2017 2018 2033 2032)
4(2032 2033 2048 2047)
4(2047 2048 2063 2062)
4(2062 2063 2078 2077)
4(2077 2078 2093 2092)
4(2092 2093 2108 2107)
4(2107 2108 2123 2122)
4(2122 2123 2138 2137)
4(2137 2138 2153 2152)
4(2152 2153 2168 2167)
4(1928 1929 1944 1943)
4(1943 1944 1959 1958)
4(1958 1959 1974 1973)
4(1973 1974 1989 1988)
4(1988 1989 2004 2003)
4(2003 2004 2019 2018)
4(2018 2019 2034 2033)
4(2033 2034 2049 2048)
4(2048 2049 2064 2063)
4(2063 2064 2079 2078)
4(2078 2079 2094 2093)
4(2093 2094 2109 2108)
4(2108 2109 2124 2123)
4(2123 2124 2139 2138)
4(2138 2139 2154 2153)
4(2153 2154 2169 2168)
4(1929 1930 1945 1944)
4(1944 1945 1960 1959)
4(1959 1960 1975 1974)
4(1974 1975 1990 1989)
4(1989 1990 2005 2004)
4(2004 2005 2020 2019)
4(2019 2020 2035 2034)
4(2034 2035 2050 2049)
4(2049 2050 2065 2064)
4(2064 2065 2080 2079)
4(2079 2080 2095 2094)
4(2094 2095 2110 2109)
4(2109 2110 2125 2124)
4(2124 2125 2140 2139)
4(2139 2140 2155 2154)
4(2154 2155 2170 2169)
4(1930 1931 1946 1945)
4(1945 1946 1961 1960)
4(1960 1961 1976 1975)
4(1975 1976 1991 1990)
4(1990 1991 2006 2005)
4(2005 2006 2021 2020)
4(2020 2021 2036 2035)
4(2035 2036 2051 2050)
4(2050 2051 2066 2065)
4(2065 2066 2081 2080)
4(2080 2081 2096 2095)
4(2095 2096 2111 2110)
4(2110 2111 2126 2125)
4(2125 2126 2141 2140)
4(2140 2141 2156 2155)
4(2155 2156 2171 2170)
4(1931 1932 1947 1946)
4(1946 1947 1962 1961)
4(1961 1962 1977 1976)
4(1976 1977 1992 1991)
4(1991 1992 2007 2006)
4(2006 2007 2022 2021)
4(2021 2022 2037 2036)
4(2036 2037 2052 2051)
4(2051 2052 2067 2066)
4(2066 2067 2082 2081)
4(2081 2082 2097 2096)
4(2096 2097 2112 2111)
4(2111 2112 2127 2126)
4(2126 2127 2142 2141)
4(2141 2142 2157 2156)
4(2156 2157 2172 2171)
4(1932 1933 1948 1947)
4(1947 1948 1963 1962)
4(1962 1963 1978 1977)
4(1977 1978 1993 1992)
4(1992 1993 2008 2007)
4(2007 2008 2023 2022)
4(2022 2023 2038 2037)
4(2037 2038 2053 2052)
4(2052 2053 2068 2067)
4(2067 2068 2083 2082)
4(2082 2083 2098 2097)
4(2097 2098 2113 2112)
4(2112 2113 2128 2127)
4(2127 2128 2143 2142)
4(2142 2143 2158 2157)
4(2157 2158 2173 2172)
4(1933 1934 1949 1948)
4(1948 1949 1964 1963)
4(1963 1964 1979 1978)
4(1978 1979 1994 1993)
4(1993 1994 2009 2008)
4(2008 2009 2024 2023)
4(2023 2024 2039 2038)
4(2038 2039 2054 2053)
4(2053 2054 2069 2068)
4(2068 2069 2084 2083)
4(2083 2084 2099 2098)
4(2098 2099 2114 2113)
4(2113 2114 2129 2128)
4(2128 2129 2144 2143)
4(2143 2144 2159 2158)
4(2158 2159 2174 2173)
4(1934 1935 1950 1949)
4(1949 1950 1965 1964)
4(1964 1965 1980 1979)
4(1979 1980 1995 1994)
4(1994 1995 2010 2009)
4(2009 2010 2025 2024)
4(2024 2025 2040 2039)
4(2039 2040 2055 2054)
4(2054 2055 2070 2069)
4(2069 2070 2085 2084)
4(2084 2085 2100 2099)
4(2099 2100 2115 2114)
4(2114 2115 2130 2129)
4(2129 2130 2145 2144)
4(2144 2145 2160 2159)
4(2159 2160 2175 2174)
4(1935 289 306 1950)
4(1950 306 323 1965)
4(1965 323 340 1980)
4(1980 340 357 1995)
4(1995 357 374 2010)
4(2010 374 391 2025)
4(2025 391 408 2040)
4(2040 408 425 2055)
4(2055 425 442 2070)
4(2070 442 459 2085)
4(2085 459 476 2100)
4(2100 476 493 2115)
4(2115 493 510 2130)
4(2130 510 527 2145)
4(2145 527 544 2160)
4(2160 544 561 2175)
)


// ************************************************************************* //
