/*--------------------------------*- C++ -*----------------------------------*\
| =========                 |                                                 |
| \\      /  F ield         | OpenFOAM: The Open Source CFD Toolbox           |
|  \\    /   O peration     | Version:  2212                                  |
|   \\  /    A nd           | Website:  www.openfoam.com                      |
|    \\/     M anipulation  |                                                 |
\*---------------------------------------------------------------------------*/
FoamFile
{
    version     2.0;
    format      ascii;
    arch        "LSB;label=32;scalar=64";
    class       volScalarField;
    location    "0";
    object      cellDeterminant;
}
// * * * * * * * * * * * * * * * * * * * * * * * * * * * * * * * * * * * * * //

dimensions      [0 0 0 0 0 0 0];

internalField   nonuniform List<scalar> 
1024
(
0.169722
0.188998
0.209806
0.231501
0.252884
0.272125
0.286925
0.295037
0.295037
0.286925
0.272125
0.252884
0.231501
0.209806
0.188998
0.169722
0.231172
0.243252
0.25558
0.267804
0.279333
0.289333
0.296812
0.300839
0.300839
0.296812
0.289333
0.279333
0.267804
0.25558
0.243252
0.231172
0.244115
0.256439
0.26901
0.281486
0.293276
0.303524
0.311204
0.315346
0.315346
0.311204
0.303524
0.293276
0.281486
0.26901
0.256439
0.244115
0.257963
0.270509
0.2833
0.296008
0.308041
0.318526
0.326401
0.330655
0.330655
0.326401
0.318526
0.308041
0.296008
0.2833
0.270509
0.257963
0.272745
0.285488
0.29847
0.311381
0.323634
0.33434
0.342401
0.346762
0.346762
0.342401
0.33434
0.323634
0.311381
0.29847
0.285488
0.272745
0.288471
0.301379
0.314516
0.327596
0.340039
0.350944
0.359177
0.363639
0.363639
0.359177
0.350944
0.340039
0.327596
0.314516
0.301379
0.288471
0.305109
0.318148
0.3314
0.344607
0.357203
0.368277
0.376663
0.381218
0.381218
0.376663
0.368277
0.357203
0.344607
0.3314
0.318148
0.305109
0.32257
0.335707
0.349029
0.362315
0.37502
0.386227
0.39474
0.399374
0.399374
0.39474
0.386227
0.37502
0.362315
0.349029
0.335707
0.32257
0.34067
0.353878
0.367228
0.380543
0.393304
0.404598
0.413206
0.417903
0.417903
0.413206
0.404598
0.393304
0.380543
0.367228
0.353878
0.34067
0.359077
0.372352
0.385698
0.398991
0.411752
0.423081
0.431745
0.436483
0.436483
0.431745
0.423081
0.411752
0.398991
0.385698
0.372352
0.359077
0.377236
0.390611
0.403948
0.417183
0.42989
0.441197
0.449868
0.454622
0.454622
0.449868
0.441197
0.42989
0.417183
0.403948
0.390611
0.377236
0.394244
0.40783
0.421207
0.434381
0.446992
0.45822
0.466847
0.471585
0.471585
0.466847
0.45822
0.446992
0.434381
0.421207
0.40783
0.394244
0.408684
0.422719
0.43628
0.449453
0.461964
0.473068
0.481598
0.486285
0.486285
0.481598
0.473068
0.461964
0.449453
0.43628
0.422719
0.408684
0.418395
0.433304
0.447351
0.460697
0.473173
0.484144
0.492534
0.497138
0.497138
0.492534
0.484144
0.473173
0.460697
0.447351
0.433304
0.418395
0.420225
0.436665
0.451713
0.465582
0.478211
0.489109
0.49735
0.501848
0.501848
0.49735
0.489109
0.478211
0.465582
0.451713
0.436665
0.420225
0.14685
0.161335
0.176363
0.191678
0.206674
0.220245
0.230805
0.236656
0.236656
0.230805
0.220245
0.206674
0.191678
0.176363
0.161335
0.14685
0.169722
0.188998
0.209806
0.231501
0.252884
0.272125
0.286925
0.295037
0.295037
0.286925
0.272125
0.252884
0.231501
0.209806
0.188998
0.169722
0.231172
0.243252
0.25558
0.267804
0.279333
0.289333
0.296812
0.300839
0.300839
0.296812
0.289333
0.279333
0.267804
0.25558
0.243252
0.231172
0.244115
0.256439
0.26901
0.281486
0.293276
0.303524
0.311204
0.315346
0.315346
0.311204
0.303524
0.293276
0.281486
0.26901
0.256439
0.244115
0.257963
0.270509
0.2833
0.296008
0.308041
0.318526
0.326401
0.330655
0.330655
0.326401
0.318526
0.308041
0.296008
0.2833
0.270509
0.257963
0.272745
0.285488
0.29847
0.311381
0.323634
0.33434
0.342401
0.346762
0.346762
0.342401
0.33434
0.323634
0.311381
0.29847
0.285488
0.272745
0.288471
0.301379
0.314516
0.327596
0.340039
0.350944
0.359177
0.363639
0.363639
0.359177
0.350944
0.340039
0.327596
0.314516
0.301379
0.288471
0.305109
0.318148
0.3314
0.344607
0.357203
0.368277
0.376663
0.381218
0.381218
0.376663
0.368277
0.357203
0.344607
0.3314
0.318148
0.305109
0.32257
0.335707
0.349029
0.362315
0.37502
0.386227
0.39474
0.399374
0.399374
0.39474
0.386227
0.37502
0.362315
0.349029
0.335707
0.32257
0.34067
0.353878
0.367228
0.380543
0.393304
0.404598
0.413206
0.417903
0.417903
0.413206
0.404598
0.393304
0.380543
0.367228
0.353878
0.34067
0.359077
0.372352
0.385698
0.398991
0.411752
0.423081
0.431745
0.436483
0.436483
0.431745
0.423081
0.411752
0.398991
0.385698
0.372352
0.359077
0.377236
0.390611
0.403948
0.417183
0.42989
0.441197
0.449868
0.454622
0.454622
0.449868
0.441197
0.42989
0.417183
0.403948
0.390611
0.377236
0.394244
0.40783
0.421207
0.434381
0.446992
0.45822
0.466847
0.471585
0.471585
0.466847
0.45822
0.446992
0.434381
0.421207
0.40783
0.394244
0.408684
0.422719
0.43628
0.449453
0.461964
0.473068
0.481598
0.486285
0.486285
0.481598
0.473068
0.461964
0.449453
0.43628
0.422719
0.408684
0.418395
0.433304
0.447351
0.460697
0.473173
0.484144
0.492534
0.497138
0.497138
0.492534
0.484144
0.473173
0.460697
0.447351
0.433304
0.418395
0.420225
0.436665
0.451713
0.465582
0.478211
0.489109
0.49735
0.501848
0.501848
0.49735
0.489109
0.478211
0.465582
0.451713
0.436665
0.420225
0.14685
0.161335
0.176363
0.191678
0.206674
0.220245
0.230805
0.236656
0.236656
0.230805
0.220245
0.206674
0.191678
0.176363
0.161335
0.14685
0.169722
0.188998
0.209806
0.231501
0.252884
0.272125
0.286925
0.295037
0.295037
0.286925
0.272125
0.252884
0.231501
0.209806
0.188998
0.169722
0.231172
0.243252
0.25558
0.267804
0.279333
0.289333
0.296812
0.300839
0.300839
0.296812
0.289333
0.279333
0.267804
0.25558
0.243252
0.231172
0.244115
0.256439
0.26901
0.281486
0.293276
0.303524
0.311204
0.315346
0.315346
0.311204
0.303524
0.293276
0.281486
0.26901
0.256439
0.244115
0.257963
0.270509
0.2833
0.296008
0.308041
0.318526
0.326401
0.330655
0.330655
0.326401
0.318526
0.308041
0.296008
0.2833
0.270509
0.257963
0.272745
0.285488
0.29847
0.311381
0.323634
0.33434
0.342401
0.346762
0.346762
0.342401
0.33434
0.323634
0.311381
0.29847
0.285488
0.272745
0.288471
0.301379
0.314516
0.327596
0.340039
0.350944
0.359177
0.363639
0.363639
0.359177
0.350944
0.340039
0.327596
0.314516
0.301379
0.288471
0.305109
0.318148
0.3314
0.344607
0.357203
0.368277
0.376663
0.381218
0.381218
0.376663
0.368277
0.357203
0.344607
0.3314
0.318148
0.305109
0.32257
0.335707
0.349029
0.362315
0.37502
0.386227
0.39474
0.399374
0.399374
0.39474
0.386227
0.37502
0.362315
0.349029
0.335707
0.32257
0.34067
0.353878
0.367228
0.380543
0.393304
0.404598
0.413206
0.417903
0.417903
0.413206
0.404598
0.393304
0.380543
0.367228
0.353878
0.34067
0.359077
0.372352
0.385698
0.398991
0.411752
0.423081
0.431745
0.436483
0.436483
0.431745
0.423081
0.411752
0.398991
0.385698
0.372352
0.359077
0.377236
0.390611
0.403948
0.417183
0.42989
0.441197
0.449868
0.454622
0.454622
0.449868
0.441197
0.42989
0.417183
0.403948
0.390611
0.377236
0.394244
0.40783
0.421207
0.434381
0.446992
0.45822
0.466847
0.471585
0.471585
0.466847
0.45822
0.446992
0.434381
0.421207
0.40783
0.394244
0.408684
0.422719
0.43628
0.449453
0.461964
0.473068
0.481598
0.486285
0.486285
0.481598
0.473068
0.461964
0.449453
0.43628
0.422719
0.408684
0.418395
0.433304
0.447351
0.460697
0.473173
0.484144
0.492534
0.497138
0.497138
0.492534
0.484144
0.473173
0.460697
0.447351
0.433304
0.418395
0.420225
0.436665
0.451713
0.465582
0.478211
0.489109
0.49735
0.501848
0.501848
0.49735
0.489109
0.478211
0.465582
0.451713
0.436665
0.420225
0.14685
0.161335
0.176363
0.191678
0.206674
0.220245
0.230805
0.236656
0.236656
0.230805
0.220245
0.206674
0.191678
0.176363
0.161335
0.14685
0.169722
0.188998
0.209806
0.231501
0.252884
0.272125
0.286925
0.295037
0.295037
0.286925
0.272125
0.252884
0.231501
0.209806
0.188998
0.169722
0.231172
0.243252
0.25558
0.267804
0.279333
0.289333
0.296812
0.300839
0.300839
0.296812
0.289333
0.279333
0.267804
0.25558
0.243252
0.231172
0.244115
0.256439
0.26901
0.281486
0.293276
0.303524
0.311204
0.315346
0.315346
0.311204
0.303524
0.293276
0.281486
0.26901
0.256439
0.244115
0.257963
0.270509
0.2833
0.296008
0.308041
0.318526
0.326401
0.330655
0.330655
0.326401
0.318526
0.308041
0.296008
0.2833
0.270509
0.257963
0.272745
0.285488
0.29847
0.311381
0.323634
0.33434
0.342401
0.346762
0.346762
0.342401
0.33434
0.323634
0.311381
0.29847
0.285488
0.272745
0.288471
0.301379
0.314516
0.327596
0.340039
0.350944
0.359177
0.363639
0.363639
0.359177
0.350944
0.340039
0.327596
0.314516
0.301379
0.288471
0.305109
0.318148
0.3314
0.344607
0.357203
0.368277
0.376663
0.381218
0.381218
0.376663
0.368277
0.357203
0.344607
0.3314
0.318148
0.305109
0.32257
0.335707
0.349029
0.362315
0.37502
0.386227
0.39474
0.399374
0.399374
0.39474
0.386227
0.37502
0.362315
0.349029
0.335707
0.32257
0.34067
0.353878
0.367228
0.380543
0.393304
0.404598
0.413206
0.417903
0.417903
0.413206
0.404598
0.393304
0.380543
0.367228
0.353878
0.34067
0.359077
0.372352
0.385698
0.398991
0.411752
0.423081
0.431745
0.436483
0.436483
0.431745
0.423081
0.411752
0.398991
0.385698
0.372352
0.359077
0.377236
0.390611
0.403948
0.417183
0.42989
0.441197
0.449868
0.454622
0.454622
0.449868
0.441197
0.42989
0.417183
0.403948
0.390611
0.377236
0.394244
0.40783
0.421207
0.434381
0.446992
0.45822
0.466847
0.471585
0.471585
0.466847
0.45822
0.446992
0.434381
0.421207
0.40783
0.394244
0.408684
0.422719
0.43628
0.449453
0.461964
0.473068
0.481598
0.486285
0.486285
0.481598
0.473068
0.461964
0.449453
0.43628
0.422719
0.408684
0.418395
0.433304
0.447351
0.460697
0.473173
0.484144
0.492534
0.497138
0.497138
0.492534
0.484144
0.473173
0.460697
0.447351
0.433304
0.418395
0.420225
0.436665
0.451713
0.465582
0.478211
0.489109
0.49735
0.501848
0.501848
0.49735
0.489109
0.478211
0.465582
0.451713
0.436665
0.420225
0.14685
0.161335
0.176363
0.191678
0.206674
0.220245
0.230805
0.236656
0.236656
0.230805
0.220245
0.206674
0.191678
0.176363
0.161335
0.14685
)
;

boundaryField
{
    walls
    {
        type            zeroGradient;
    }
    cylinder
    {
        type            zeroGradient;
    }
    outlet
    {
        type            zeroGradient;
    }
    inlet
    {
        type            zeroGradient;
    }
    frontAndBack
    {
        type            empty;
    }
}


// ************************************************************************* //
