/*--------------------------------*- C++ -*----------------------------------*\
| =========                 |                                                 |
| \\      /  F ield         | OpenFOAM: The Open Source CFD Toolbox           |
|  \\    /   O peration     | Version:  2212                                  |
|   \\  /    A nd           | Website:  www.openfoam.com                      |
|    \\/     M anipulation  |                                                 |
\*---------------------------------------------------------------------------*/
FoamFile
{
    version     2.0;
    format      ascii;
    arch        "LSB;label=32;scalar=64";
    class       volScalarField;
    location    "0";
    object      cellAspectRatio;
}
// * * * * * * * * * * * * * * * * * * * * * * * * * * * * * * * * * * * * * //

dimensions      [0 0 0 0 0 0 0];

internalField   nonuniform List<scalar> 
1024
(
3.93093
3.93497
3.93536
3.93237
3.92684
3.92025
3.91437
3.91091
3.91091
3.91437
3.92025
3.92684
3.93237
3.93536
3.93497
3.93093
3.95776
3.9657
3.96984
3.97023
3.96755
3.96315
3.95875
3.95603
3.95603
3.95875
3.96315
3.96755
3.97023
3.96984
3.9657
3.95776
3.98738
3.99958
4.00784
4.01196
4.01245
4.01049
4.00775
4.00586
4.00586
4.00775
4.01049
4.01245
4.01196
4.00784
3.99958
3.98738
4.02025
4.03713
4.04992
4.05819
4.06221
4.063
4.06213
4.06117
4.06117
4.06213
4.063
4.06221
4.05819
4.04992
4.03713
4.02025
4.05694
4.07897
4.0968
4.10969
4.11768
4.12157
4.12281
4.12292
4.12292
4.12281
4.12157
4.11768
4.10969
4.0968
4.07897
4.05694
4.09819
4.12591
4.14934
4.16743
4.1799
4.18732
4.19097
4.19231
4.19231
4.19097
4.18732
4.1799
4.16743
4.14934
4.12591
4.09819
4.14492
4.17895
4.20865
4.23261
4.25018
4.26165
4.26808
4.27084
4.27084
4.26808
4.26165
4.25018
4.23261
4.20865
4.17895
4.14492
4.19831
4.23937
4.27614
4.30677
4.3302
4.34635
4.35603
4.36044
4.36044
4.35603
4.34635
4.3302
4.30677
4.27614
4.23937
4.19831
4.25993
4.30886
4.35364
4.39192
4.42214
4.44377
4.45728
4.46364
4.46364
4.45728
4.44377
4.42214
4.39192
4.35364
4.30886
4.25993
4.3319
4.38967
4.44359
4.49071
4.52888
4.557
4.57508
4.5838
4.5838
4.57508
4.557
4.52888
4.49071
4.44359
4.38967
4.3319
4.41711
4.48485
4.54926
4.60673
4.65433
4.69024
4.71386
4.72545
4.72545
4.71386
4.69024
4.65433
4.60673
4.54926
4.48485
4.41711
4.51965
4.59868
4.67524
4.74493
4.80388
4.84931
4.87977
4.89493
4.89493
4.87977
4.84931
4.80388
4.74493
4.67524
4.59868
4.51965
4.64545
4.7373
4.82808
4.91241
4.98524
5.04252
5.08163
5.10135
5.10135
5.08163
5.04252
4.98524
4.91241
4.82808
4.7373
4.64545
4.80342
4.90988
5.01744
5.11961
5.2098
5.28222
5.33255
5.35825
5.35825
5.33255
5.28222
5.2098
5.11961
5.01744
4.90988
4.80342
5.00733
5.13056
5.25829
5.38266
5.49514
5.58749
5.6529
5.68673
5.68673
5.6529
5.58749
5.49514
5.38266
5.25829
5.13056
5.00733
5.27918
5.42215
5.57477
5.72768
5.86984
5.98955
6.07613
6.12154
6.12154
6.07613
5.98955
5.86984
5.72768
5.57477
5.42215
5.27918
3.93093
3.93497
3.93536
3.93237
3.92684
3.92025
3.91437
3.91091
3.91091
3.91437
3.92025
3.92684
3.93237
3.93536
3.93497
3.93093
3.95776
3.9657
3.96984
3.97023
3.96755
3.96315
3.95875
3.95603
3.95603
3.95875
3.96315
3.96755
3.97023
3.96984
3.9657
3.95776
3.98738
3.99958
4.00784
4.01196
4.01245
4.01049
4.00775
4.00586
4.00586
4.00775
4.01049
4.01245
4.01196
4.00784
3.99958
3.98738
4.02025
4.03713
4.04992
4.05819
4.06221
4.063
4.06213
4.06117
4.06117
4.06213
4.063
4.06221
4.05819
4.04992
4.03713
4.02025
4.05694
4.07897
4.0968
4.10969
4.11768
4.12157
4.12281
4.12292
4.12292
4.12281
4.12157
4.11768
4.10969
4.0968
4.07897
4.05694
4.09819
4.12591
4.14934
4.16743
4.1799
4.18732
4.19097
4.19231
4.19231
4.19097
4.18732
4.1799
4.16743
4.14934
4.12591
4.09819
4.14492
4.17895
4.20865
4.23261
4.25018
4.26165
4.26808
4.27084
4.27084
4.26808
4.26165
4.25018
4.23261
4.20865
4.17895
4.14492
4.19831
4.23937
4.27614
4.30677
4.3302
4.34635
4.35603
4.36044
4.36044
4.35603
4.34635
4.3302
4.30677
4.27614
4.23937
4.19831
4.25993
4.30886
4.35364
4.39192
4.42214
4.44377
4.45728
4.46364
4.46364
4.45728
4.44377
4.42214
4.39192
4.35364
4.30886
4.25993
4.3319
4.38967
4.44359
4.49071
4.52888
4.557
4.57508
4.5838
4.5838
4.57508
4.557
4.52888
4.49071
4.44359
4.38967
4.3319
4.41711
4.48485
4.54926
4.60673
4.65433
4.69024
4.71386
4.72545
4.72545
4.71386
4.69024
4.65433
4.60673
4.54926
4.48485
4.41711
4.51965
4.59868
4.67524
4.74493
4.80388
4.84931
4.87977
4.89493
4.89493
4.87977
4.84931
4.80388
4.74493
4.67524
4.59868
4.51965
4.64545
4.7373
4.82808
4.91241
4.98524
5.04252
5.08163
5.10135
5.10135
5.08163
5.04252
4.98524
4.91241
4.82808
4.7373
4.64545
4.80342
4.90988
5.01744
5.11961
5.2098
5.28222
5.33255
5.35825
5.35825
5.33255
5.28222
5.2098
5.11961
5.01744
4.90988
4.80342
5.00733
5.13056
5.25829
5.38266
5.49514
5.58749
5.6529
5.68673
5.68673
5.6529
5.58749
5.49514
5.38266
5.25829
5.13056
5.00733
5.27918
5.42215
5.57477
5.72768
5.86984
5.98955
6.07613
6.12154
6.12154
6.07613
5.98955
5.86984
5.72768
5.57477
5.42215
5.27918
3.93093
3.93497
3.93536
3.93237
3.92684
3.92025
3.91437
3.91091
3.91091
3.91437
3.92025
3.92684
3.93237
3.93536
3.93497
3.93093
3.95776
3.9657
3.96984
3.97023
3.96755
3.96315
3.95875
3.95603
3.95603
3.95875
3.96315
3.96755
3.97023
3.96984
3.9657
3.95776
3.98738
3.99958
4.00784
4.01196
4.01245
4.01049
4.00775
4.00586
4.00586
4.00775
4.01049
4.01245
4.01196
4.00784
3.99958
3.98738
4.02025
4.03713
4.04992
4.05819
4.06221
4.063
4.06213
4.06117
4.06117
4.06213
4.063
4.06221
4.05819
4.04992
4.03713
4.02025
4.05694
4.07897
4.0968
4.10969
4.11768
4.12157
4.12281
4.12292
4.12292
4.12281
4.12157
4.11768
4.10969
4.0968
4.07897
4.05694
4.09819
4.12591
4.14934
4.16743
4.1799
4.18732
4.19097
4.19231
4.19231
4.19097
4.18732
4.1799
4.16743
4.14934
4.12591
4.09819
4.14492
4.17895
4.20865
4.23261
4.25018
4.26165
4.26808
4.27084
4.27084
4.26808
4.26165
4.25018
4.23261
4.20865
4.17895
4.14492
4.19831
4.23937
4.27614
4.30677
4.3302
4.34635
4.35603
4.36044
4.36044
4.35603
4.34635
4.3302
4.30677
4.27614
4.23937
4.19831
4.25993
4.30886
4.35364
4.39192
4.42214
4.44377
4.45728
4.46364
4.46364
4.45728
4.44377
4.42214
4.39192
4.35364
4.30886
4.25993
4.3319
4.38967
4.44359
4.49071
4.52888
4.557
4.57508
4.5838
4.5838
4.57508
4.557
4.52888
4.49071
4.44359
4.38967
4.3319
4.41711
4.48485
4.54926
4.60673
4.65433
4.69024
4.71386
4.72545
4.72545
4.71386
4.69024
4.65433
4.60673
4.54926
4.48485
4.41711
4.51965
4.59868
4.67524
4.74493
4.80388
4.84931
4.87977
4.89493
4.89493
4.87977
4.84931
4.80388
4.74493
4.67524
4.59868
4.51965
4.64545
4.7373
4.82808
4.91241
4.98524
5.04252
5.08163
5.10135
5.10135
5.08163
5.04252
4.98524
4.91241
4.82808
4.7373
4.64545
4.80342
4.90988
5.01744
5.11961
5.2098
5.28222
5.33255
5.35825
5.35825
5.33255
5.28222
5.2098
5.11961
5.01744
4.90988
4.80342
5.00733
5.13056
5.25829
5.38266
5.49514
5.58749
5.6529
5.68673
5.68673
5.6529
5.58749
5.49514
5.38266
5.25829
5.13056
5.00733
5.27918
5.42215
5.57477
5.72768
5.86984
5.98955
6.07613
6.12154
6.12154
6.07613
5.98955
5.86984
5.72768
5.57477
5.42215
5.27918
3.93093
3.93497
3.93536
3.93237
3.92684
3.92025
3.91437
3.91091
3.91091
3.91437
3.92025
3.92684
3.93237
3.93536
3.93497
3.93093
3.95776
3.9657
3.96984
3.97023
3.96755
3.96315
3.95875
3.95603
3.95603
3.95875
3.96315
3.96755
3.97023
3.96984
3.9657
3.95776
3.98738
3.99958
4.00784
4.01196
4.01245
4.01049
4.00775
4.00586
4.00586
4.00775
4.01049
4.01245
4.01196
4.00784
3.99958
3.98738
4.02025
4.03713
4.04992
4.05819
4.06221
4.063
4.06213
4.06117
4.06117
4.06213
4.063
4.06221
4.05819
4.04992
4.03713
4.02025
4.05694
4.07897
4.0968
4.10969
4.11768
4.12157
4.12281
4.12292
4.12292
4.12281
4.12157
4.11768
4.10969
4.0968
4.07897
4.05694
4.09819
4.12591
4.14934
4.16743
4.1799
4.18732
4.19097
4.19231
4.19231
4.19097
4.18732
4.1799
4.16743
4.14934
4.12591
4.09819
4.14492
4.17895
4.20865
4.23261
4.25018
4.26165
4.26808
4.27084
4.27084
4.26808
4.26165
4.25018
4.23261
4.20865
4.17895
4.14492
4.19831
4.23937
4.27614
4.30677
4.3302
4.34635
4.35603
4.36044
4.36044
4.35603
4.34635
4.3302
4.30677
4.27614
4.23937
4.19831
4.25993
4.30886
4.35364
4.39192
4.42214
4.44377
4.45728
4.46364
4.46364
4.45728
4.44377
4.42214
4.39192
4.35364
4.30886
4.25993
4.3319
4.38967
4.44359
4.49071
4.52888
4.557
4.57508
4.5838
4.5838
4.57508
4.557
4.52888
4.49071
4.44359
4.38967
4.3319
4.41711
4.48485
4.54926
4.60673
4.65433
4.69024
4.71386
4.72545
4.72545
4.71386
4.69024
4.65433
4.60673
4.54926
4.48485
4.41711
4.51965
4.59868
4.67524
4.74493
4.80388
4.84931
4.87977
4.89493
4.89493
4.87977
4.84931
4.80388
4.74493
4.67524
4.59868
4.51965
4.64545
4.7373
4.82808
4.91241
4.98524
5.04252
5.08163
5.10135
5.10135
5.08163
5.04252
4.98524
4.91241
4.82808
4.7373
4.64545
4.80342
4.90988
5.01744
5.11961
5.2098
5.28222
5.33255
5.35825
5.35825
5.33255
5.28222
5.2098
5.11961
5.01744
4.90988
4.80342
5.00733
5.13056
5.25829
5.38266
5.49514
5.58749
5.6529
5.68673
5.68673
5.6529
5.58749
5.49514
5.38266
5.25829
5.13056
5.00733
5.27918
5.42215
5.57477
5.72768
5.86984
5.98955
6.07613
6.12154
6.12154
6.07613
5.98955
5.86984
5.72768
5.57477
5.42215
5.27918
)
;

boundaryField
{
    walls
    {
        type            zeroGradient;
    }
    cylinder
    {
        type            zeroGradient;
    }
    outlet
    {
        type            zeroGradient;
    }
    inlet
    {
        type            zeroGradient;
    }
    frontAndBack
    {
        type            empty;
    }
}


// ************************************************************************* //
