/*--------------------------------*- C++ -*----------------------------------*\
| =========                 |                                                 |
| \\      /  F ield         | OpenFOAM: The Open Source CFD Toolbox           |
|  \\    /   O peration     | Version:  2212                                  |
|   \\  /    A nd           | Website:  www.openfoam.com                      |
|    \\/     M anipulation  |                                                 |
\*---------------------------------------------------------------------------*/
FoamFile
{
    version     2.0;
    format      ascii;
    arch        "LSB;label=32;scalar=64";
    class       volScalarField;
    location    "0";
    object      minPyrVolume;
}
// * * * * * * * * * * * * * * * * * * * * * * * * * * * * * * * * * * * * * //

dimensions      [0 0 0 0 0 0 0];

internalField   nonuniform List<scalar> 
1024
(
0.00853328
0.00828956
0.00807562
0.00789372
0.00774582
0.00763349
0.00755793
0.00751994
0.00751994
0.00755793
0.00763349
0.00774582
0.00789372
0.00807562
0.00828956
0.00853328
0.00818039
0.00793588
0.00772064
0.00753724
0.00738784
0.00727421
0.0071977
0.00715922
0.00715922
0.0071977
0.00727421
0.00738784
0.00753724
0.00772064
0.00793588
0.00818039
0.0078275
0.00758219
0.00736567
0.00718075
0.00702985
0.00691493
0.00683747
0.00679849
0.00679849
0.00683747
0.00691493
0.00702985
0.00718075
0.00736567
0.00758219
0.0078275
0.00747461
0.0072285
0.00701068
0.00682426
0.00667186
0.00655563
0.00647723
0.00643775
0.00643775
0.00647723
0.00655563
0.00667186
0.00682426
0.00701068
0.0072285
0.00747461
0.00712171
0.0068748
0.0066557
0.00646776
0.00631385
0.00619633
0.00611698
0.006077
0.006077
0.00611698
0.00619633
0.00631385
0.00646776
0.0066557
0.0068748
0.00712171
0.00676881
0.0065211
0.0063007
0.00611125
0.00595584
0.00583702
0.00575671
0.00571623
0.00571623
0.00575671
0.00583702
0.00595584
0.00611125
0.0063007
0.0065211
0.00676881
0.00641591
0.00616739
0.0059457
0.00575473
0.00559782
0.0054777
0.00539644
0.00535546
0.00535546
0.00539644
0.0054777
0.00559782
0.00575473
0.0059457
0.00616739
0.00641591
0.006063
0.00581368
0.00559069
0.0053982
0.00523979
0.00511836
0.00503615
0.00499466
0.00499466
0.00503615
0.00511836
0.00523979
0.0053982
0.00559069
0.00581368
0.006063
0.00571009
0.00545996
0.00523567
0.00504166
0.00488173
0.004759
0.00467584
0.00463385
0.00463385
0.00467584
0.004759
0.00488173
0.00504166
0.00523567
0.00545996
0.00571009
0.00535717
0.00510623
0.00488064
0.00468511
0.00452367
0.00439962
0.0043155
0.00427301
0.00427301
0.0043155
0.00439962
0.00452367
0.00468511
0.00488064
0.00510623
0.00535717
0.00500424
0.00475249
0.0045256
0.00432853
0.00416557
0.00404021
0.00395513
0.00391213
0.00391213
0.00395513
0.00404021
0.00416557
0.00432853
0.0045256
0.00475249
0.00500424
0.00465131
0.00439874
0.00417053
0.00397193
0.00380745
0.00368077
0.00359472
0.00355121
0.00355121
0.00359472
0.00368077
0.00380745
0.00397193
0.00417053
0.00439874
0.00465131
0.00429836
0.00404497
0.00381545
0.0036153
0.00344929
0.00332128
0.00323426
0.00319024
0.00319024
0.00323426
0.00332128
0.00344929
0.0036153
0.00381545
0.00404497
0.00429836
0.0039454
0.00369118
0.00346033
0.00325863
0.00309107
0.00296172
0.00287372
0.00282919
0.00282919
0.00287372
0.00296172
0.00309107
0.00325863
0.00346033
0.00369118
0.0039454
0.00359242
0.00333736
0.00310517
0.00290191
0.00273278
0.00260208
0.00251308
0.00246802
0.00246802
0.00251308
0.00260208
0.00273278
0.00290191
0.00310517
0.00333736
0.00359242
0.00323942
0.00302919
0.00280764
0.00261554
0.00245809
0.00233947
0.00226286
0.00223033
0.00223033
0.00226286
0.00233947
0.00245809
0.00261554
0.00280764
0.00302919
0.00323942
0.00853328
0.00828956
0.00807562
0.00789372
0.00774582
0.00763349
0.00755793
0.00751994
0.00751994
0.00755793
0.00763349
0.00774582
0.00789372
0.00807562
0.00828956
0.00853328
0.00818039
0.00793588
0.00772064
0.00753724
0.00738784
0.00727421
0.0071977
0.00715922
0.00715922
0.0071977
0.00727421
0.00738784
0.00753724
0.00772064
0.00793588
0.00818039
0.0078275
0.00758219
0.00736567
0.00718075
0.00702985
0.00691493
0.00683747
0.00679849
0.00679849
0.00683747
0.00691493
0.00702985
0.00718075
0.00736567
0.00758219
0.0078275
0.00747461
0.0072285
0.00701068
0.00682426
0.00667186
0.00655563
0.00647723
0.00643775
0.00643775
0.00647723
0.00655563
0.00667186
0.00682426
0.00701068
0.0072285
0.00747461
0.00712171
0.0068748
0.0066557
0.00646776
0.00631385
0.00619633
0.00611698
0.006077
0.006077
0.00611698
0.00619633
0.00631385
0.00646776
0.0066557
0.0068748
0.00712171
0.00676881
0.0065211
0.0063007
0.00611125
0.00595584
0.00583702
0.00575671
0.00571623
0.00571623
0.00575671
0.00583702
0.00595584
0.00611125
0.0063007
0.0065211
0.00676881
0.00641591
0.00616739
0.0059457
0.00575473
0.00559782
0.0054777
0.00539644
0.00535546
0.00535546
0.00539644
0.0054777
0.00559782
0.00575473
0.0059457
0.00616739
0.00641591
0.006063
0.00581368
0.00559069
0.0053982
0.00523979
0.00511836
0.00503615
0.00499466
0.00499466
0.00503615
0.00511836
0.00523979
0.0053982
0.00559069
0.00581368
0.006063
0.00571009
0.00545996
0.00523567
0.00504166
0.00488173
0.004759
0.00467584
0.00463385
0.00463385
0.00467584
0.004759
0.00488173
0.00504166
0.00523567
0.00545996
0.00571009
0.00535717
0.00510623
0.00488064
0.00468511
0.00452367
0.00439962
0.0043155
0.00427301
0.00427301
0.0043155
0.00439962
0.00452367
0.00468511
0.00488064
0.00510623
0.00535717
0.00500424
0.00475249
0.0045256
0.00432853
0.00416557
0.00404021
0.00395513
0.00391213
0.00391213
0.00395513
0.00404021
0.00416557
0.00432853
0.0045256
0.00475249
0.00500424
0.00465131
0.00439874
0.00417053
0.00397193
0.00380745
0.00368077
0.00359472
0.00355121
0.00355121
0.00359472
0.00368077
0.00380745
0.00397193
0.00417053
0.00439874
0.00465131
0.00429836
0.00404497
0.00381545
0.0036153
0.00344929
0.00332128
0.00323426
0.00319024
0.00319024
0.00323426
0.00332128
0.00344929
0.0036153
0.00381545
0.00404497
0.00429836
0.0039454
0.00369118
0.00346033
0.00325863
0.00309107
0.00296172
0.00287372
0.00282919
0.00282919
0.00287372
0.00296172
0.00309107
0.00325863
0.00346033
0.00369118
0.0039454
0.00359242
0.00333736
0.00310517
0.00290191
0.00273278
0.00260208
0.00251308
0.00246802
0.00246802
0.00251308
0.00260208
0.00273278
0.00290191
0.00310517
0.00333736
0.00359242
0.00323942
0.00302919
0.00280764
0.00261554
0.00245809
0.00233947
0.00226286
0.00223033
0.00223033
0.00226286
0.00233947
0.00245809
0.00261554
0.00280764
0.00302919
0.00323942
0.00853328
0.00828956
0.00807562
0.00789372
0.00774582
0.00763349
0.00755793
0.00751994
0.00751994
0.00755793
0.00763349
0.00774582
0.00789372
0.00807562
0.00828956
0.00853328
0.00818039
0.00793588
0.00772064
0.00753724
0.00738784
0.00727421
0.0071977
0.00715922
0.00715922
0.0071977
0.00727421
0.00738784
0.00753724
0.00772064
0.00793588
0.00818039
0.0078275
0.00758219
0.00736567
0.00718075
0.00702985
0.00691493
0.00683747
0.00679849
0.00679849
0.00683747
0.00691493
0.00702985
0.00718075
0.00736567
0.00758219
0.0078275
0.00747461
0.0072285
0.00701068
0.00682426
0.00667186
0.00655563
0.00647723
0.00643775
0.00643775
0.00647723
0.00655563
0.00667186
0.00682426
0.00701068
0.0072285
0.00747461
0.00712171
0.0068748
0.0066557
0.00646776
0.00631385
0.00619633
0.00611698
0.006077
0.006077
0.00611698
0.00619633
0.00631385
0.00646776
0.0066557
0.0068748
0.00712171
0.00676881
0.0065211
0.0063007
0.00611125
0.00595584
0.00583702
0.00575671
0.00571623
0.00571623
0.00575671
0.00583702
0.00595584
0.00611125
0.0063007
0.0065211
0.00676881
0.00641591
0.00616739
0.0059457
0.00575473
0.00559782
0.0054777
0.00539644
0.00535546
0.00535546
0.00539644
0.0054777
0.00559782
0.00575473
0.0059457
0.00616739
0.00641591
0.006063
0.00581368
0.00559069
0.0053982
0.00523979
0.00511836
0.00503615
0.00499466
0.00499466
0.00503615
0.00511836
0.00523979
0.0053982
0.00559069
0.00581368
0.006063
0.00571009
0.00545996
0.00523567
0.00504166
0.00488173
0.004759
0.00467584
0.00463385
0.00463385
0.00467584
0.004759
0.00488173
0.00504166
0.00523567
0.00545996
0.00571009
0.00535717
0.00510623
0.00488064
0.00468511
0.00452367
0.00439962
0.0043155
0.00427301
0.00427301
0.0043155
0.00439962
0.00452367
0.00468511
0.00488064
0.00510623
0.00535717
0.00500424
0.00475249
0.0045256
0.00432853
0.00416557
0.00404021
0.00395513
0.00391213
0.00391213
0.00395513
0.00404021
0.00416557
0.00432853
0.0045256
0.00475249
0.00500424
0.00465131
0.00439874
0.00417053
0.00397193
0.00380745
0.00368077
0.00359472
0.00355121
0.00355121
0.00359472
0.00368077
0.00380745
0.00397193
0.00417053
0.00439874
0.00465131
0.00429836
0.00404497
0.00381545
0.0036153
0.00344929
0.00332128
0.00323426
0.00319024
0.00319024
0.00323426
0.00332128
0.00344929
0.0036153
0.00381545
0.00404497
0.00429836
0.0039454
0.00369118
0.00346033
0.00325863
0.00309107
0.00296172
0.00287372
0.00282919
0.00282919
0.00287372
0.00296172
0.00309107
0.00325863
0.00346033
0.00369118
0.0039454
0.00359242
0.00333736
0.00310517
0.00290191
0.00273278
0.00260208
0.00251308
0.00246802
0.00246802
0.00251308
0.00260208
0.00273278
0.00290191
0.00310517
0.00333736
0.00359242
0.00323942
0.00302919
0.00280764
0.00261554
0.00245809
0.00233947
0.00226286
0.00223033
0.00223033
0.00226286
0.00233947
0.00245809
0.00261554
0.00280764
0.00302919
0.00323942
0.00853328
0.00828956
0.00807562
0.00789372
0.00774582
0.00763349
0.00755793
0.00751994
0.00751994
0.00755793
0.00763349
0.00774582
0.00789372
0.00807562
0.00828956
0.00853328
0.00818039
0.00793588
0.00772064
0.00753724
0.00738784
0.00727421
0.0071977
0.00715922
0.00715922
0.0071977
0.00727421
0.00738784
0.00753724
0.00772064
0.00793588
0.00818039
0.0078275
0.00758219
0.00736567
0.00718075
0.00702985
0.00691493
0.00683747
0.00679849
0.00679849
0.00683747
0.00691493
0.00702985
0.00718075
0.00736567
0.00758219
0.0078275
0.00747461
0.0072285
0.00701068
0.00682426
0.00667186
0.00655563
0.00647723
0.00643775
0.00643775
0.00647723
0.00655563
0.00667186
0.00682426
0.00701068
0.0072285
0.00747461
0.00712171
0.0068748
0.0066557
0.00646776
0.00631385
0.00619633
0.00611698
0.006077
0.006077
0.00611698
0.00619633
0.00631385
0.00646776
0.0066557
0.0068748
0.00712171
0.00676881
0.0065211
0.0063007
0.00611125
0.00595584
0.00583702
0.00575671
0.00571623
0.00571623
0.00575671
0.00583702
0.00595584
0.00611125
0.0063007
0.0065211
0.00676881
0.00641591
0.00616739
0.0059457
0.00575473
0.00559782
0.0054777
0.00539644
0.00535546
0.00535546
0.00539644
0.0054777
0.00559782
0.00575473
0.0059457
0.00616739
0.00641591
0.006063
0.00581368
0.00559069
0.0053982
0.00523979
0.00511836
0.00503615
0.00499466
0.00499466
0.00503615
0.00511836
0.00523979
0.0053982
0.00559069
0.00581368
0.006063
0.00571009
0.00545996
0.00523567
0.00504166
0.00488173
0.004759
0.00467584
0.00463385
0.00463385
0.00467584
0.004759
0.00488173
0.00504166
0.00523567
0.00545996
0.00571009
0.00535717
0.00510623
0.00488064
0.00468511
0.00452367
0.00439962
0.0043155
0.00427301
0.00427301
0.0043155
0.00439962
0.00452367
0.00468511
0.00488064
0.00510623
0.00535717
0.00500424
0.00475249
0.0045256
0.00432853
0.00416557
0.00404021
0.00395513
0.00391213
0.00391213
0.00395513
0.00404021
0.00416557
0.00432853
0.0045256
0.00475249
0.00500424
0.00465131
0.00439874
0.00417053
0.00397193
0.00380745
0.00368077
0.00359472
0.00355121
0.00355121
0.00359472
0.00368077
0.00380745
0.00397193
0.00417053
0.00439874
0.00465131
0.00429836
0.00404497
0.00381545
0.0036153
0.00344929
0.00332128
0.00323426
0.00319024
0.00319024
0.00323426
0.00332128
0.00344929
0.0036153
0.00381545
0.00404497
0.00429836
0.0039454
0.00369118
0.00346033
0.00325863
0.00309107
0.00296172
0.00287372
0.00282919
0.00282919
0.00287372
0.00296172
0.00309107
0.00325863
0.00346033
0.00369118
0.0039454
0.00359242
0.00333736
0.00310517
0.00290191
0.00273278
0.00260208
0.00251308
0.00246802
0.00246802
0.00251308
0.00260208
0.00273278
0.00290191
0.00310517
0.00333736
0.00359242
0.00323942
0.00302919
0.00280764
0.00261554
0.00245809
0.00233947
0.00226286
0.00223033
0.00223033
0.00226286
0.00233947
0.00245809
0.00261554
0.00280764
0.00302919
0.00323942
)
;

boundaryField
{
    walls
    {
        type            zeroGradient;
    }
    cylinder
    {
        type            zeroGradient;
    }
    outlet
    {
        type            zeroGradient;
    }
    inlet
    {
        type            zeroGradient;
    }
    frontAndBack
    {
        type            empty;
    }
}


// ************************************************************************* //
