/*--------------------------------*- C++ -*----------------------------------*\
| =========                 |                                                 |
| \\      /  F ield         | OpenFOAM: The Open Source CFD Toolbox           |
|  \\    /   O peration     | Version:  2212                                  |
|   \\  /    A nd           | Website:  www.openfoam.com                      |
|    \\/     M anipulation  |                                                 |
\*---------------------------------------------------------------------------*/
FoamFile
{
    version     2.0;
    format      ascii;
    arch        "LSB;label=32;scalar=64";
    class       volScalarField;
    location    "0";
    object      nonOrthoAngle;
}
// * * * * * * * * * * * * * * * * * * * * * * * * * * * * * * * * * * * * * //

dimensions      [0 0 0 0 0 0 0];

internalField   nonuniform List<scalar> 
1024
(
42.7992
41.4874
37.7362
33.3051
28.1042
22.0836
15.2727
7.81903
7.81903
15.2727
22.0836
28.1042
33.3051
37.7362
41.4874
42.7992
42.7992
40.829
37.1608
32.8177
27.709
21.7842
15.0716
7.71806
7.71806
15.0716
21.7842
27.709
32.8177
37.1608
40.829
42.7992
42.0625
40.0959
36.5214
32.277
27.2714
21.453
14.8494
7.60652
7.60652
14.8494
21.453
27.2714
32.277
36.5214
40.0959
42.0625
41.2388
39.2749
35.8069
31.6741
26.7842
21.0847
14.6025
7.48266
7.48266
14.6025
21.0847
26.7842
31.6741
35.8069
39.2749
41.2388
40.3124
38.3495
35.0036
30.9976
26.2384
20.6727
14.3266
7.34434
7.34434
14.3266
20.6727
26.2384
30.9976
35.0036
38.3495
40.3124
39.2632
37.299
34.0941
30.2335
25.6231
20.2089
14.0162
7.18885
7.18885
14.0162
20.2089
25.6231
30.2335
34.0941
37.299
39.2632
38.0659
36.0972
33.0566
29.3638
24.9241
19.6828
13.6647
7.0128
7.0128
13.6647
19.6828
24.9241
29.3638
33.0566
36.0972
38.0659
36.6883
34.7101
31.8627
28.3656
24.1234
19.0811
13.263
6.81182
6.81182
13.263
19.0811
24.1234
28.3656
31.8627
34.7101
36.6883
35.0881
33.0935
30.4756
27.2088
23.1976
18.3865
12.7998
6.58021
6.58021
12.7998
18.3865
23.1976
27.2088
30.4756
33.0935
35.0881
33.2099
31.1884
28.8463
25.8537
22.1153
17.5758
12.2599
6.31041
6.31041
12.2599
17.5758
22.1153
25.8537
28.8463
31.1884
33.2099
30.9798
29.0839
26.9088
24.2464
20.8342
16.6179
11.6226
5.99213
5.99213
11.6226
16.6179
20.8342
24.2464
26.9088
29.0839
30.9798
28.2978
26.777
24.6492
22.3128
19.2959
15.469
10.859
5.61105
5.61105
10.859
15.469
19.2959
22.3128
24.6492
26.777
28.2978
25.0272
23.9716
22.2961
19.9482
17.4171
14.0673
9.92803
5.14658
5.14658
9.92803
14.0673
17.4171
19.9482
22.2961
23.9716
25.0272
20.9805
20.5055
19.3922
17.5438
15.0766
12.3213
8.76839
4.56806
4.56806
8.76839
12.3213
15.0766
17.5438
19.3922
20.5055
20.9805
15.9034
16.1512
15.7403
14.5777
12.5941
10.0911
7.28551
3.82778
3.82778
7.28551
10.0911
12.5941
14.5777
15.7403
16.1512
15.9034
9.46388
10.5928
11.0537
10.7547
9.62792
7.6638
5.32542
2.8472
2.8472
5.32542
7.6638
9.62792
10.7547
11.0537
10.5928
9.46388
42.7992
41.4874
37.7362
33.3051
28.1042
22.0836
15.2727
7.81903
7.81903
15.2727
22.0836
28.1042
33.3051
37.7362
41.4874
42.7992
42.7992
40.829
37.1608
32.8177
27.709
21.7842
15.0716
7.71806
7.71806
15.0716
21.7842
27.709
32.8177
37.1608
40.829
42.7992
42.0625
40.0959
36.5214
32.277
27.2714
21.453
14.8494
7.60652
7.60652
14.8494
21.453
27.2714
32.277
36.5214
40.0959
42.0625
41.2388
39.2749
35.8069
31.6741
26.7842
21.0847
14.6025
7.48266
7.48266
14.6025
21.0847
26.7842
31.6741
35.8069
39.2749
41.2388
40.3124
38.3495
35.0036
30.9976
26.2384
20.6727
14.3266
7.34434
7.34434
14.3266
20.6727
26.2384
30.9976
35.0036
38.3495
40.3124
39.2632
37.299
34.0941
30.2335
25.6231
20.2089
14.0162
7.18885
7.18885
14.0162
20.2089
25.6231
30.2335
34.0941
37.299
39.2632
38.0659
36.0972
33.0566
29.3638
24.9241
19.6828
13.6647
7.0128
7.0128
13.6647
19.6828
24.9241
29.3638
33.0566
36.0972
38.0659
36.6883
34.7101
31.8627
28.3656
24.1234
19.0811
13.263
6.81182
6.81182
13.263
19.0811
24.1234
28.3656
31.8627
34.7101
36.6883
35.0881
33.0935
30.4756
27.2088
23.1976
18.3865
12.7998
6.58021
6.58021
12.7998
18.3865
23.1976
27.2088
30.4756
33.0935
35.0881
33.2099
31.1884
28.8463
25.8537
22.1153
17.5758
12.2599
6.31041
6.31041
12.2599
17.5758
22.1153
25.8537
28.8463
31.1884
33.2099
30.9798
29.0839
26.9088
24.2464
20.8342
16.6179
11.6226
5.99213
5.99213
11.6226
16.6179
20.8342
24.2464
26.9088
29.0839
30.9798
28.2978
26.777
24.6492
22.3128
19.2959
15.469
10.859
5.61105
5.61105
10.859
15.469
19.2959
22.3128
24.6492
26.777
28.2978
25.0272
23.9716
22.2961
19.9482
17.4171
14.0673
9.92803
5.14658
5.14658
9.92803
14.0673
17.4171
19.9482
22.2961
23.9716
25.0272
20.9805
20.5055
19.3922
17.5438
15.0766
12.3213
8.76839
4.56806
4.56806
8.76839
12.3213
15.0766
17.5438
19.3922
20.5055
20.9805
15.9034
16.1512
15.7403
14.5777
12.5941
10.0911
7.28551
3.82778
3.82778
7.28551
10.0911
12.5941
14.5777
15.7403
16.1512
15.9034
9.46388
10.5928
11.0537
10.7547
9.62792
7.6638
5.32542
2.8472
2.8472
5.32542
7.6638
9.62792
10.7547
11.0537
10.5928
9.46388
42.7992
41.4874
37.7362
33.3051
28.1042
22.0836
15.2727
7.81903
7.81903
15.2727
22.0836
28.1042
33.3051
37.7362
41.4874
42.7992
42.7992
40.829
37.1608
32.8177
27.709
21.7842
15.0716
7.71806
7.71806
15.0716
21.7842
27.709
32.8177
37.1608
40.829
42.7992
42.0625
40.0959
36.5214
32.277
27.2714
21.453
14.8494
7.60652
7.60652
14.8494
21.453
27.2714
32.277
36.5214
40.0959
42.0625
41.2388
39.2749
35.8069
31.6741
26.7842
21.0847
14.6025
7.48266
7.48266
14.6025
21.0847
26.7842
31.6741
35.8069
39.2749
41.2388
40.3124
38.3495
35.0036
30.9976
26.2384
20.6727
14.3266
7.34434
7.34434
14.3266
20.6727
26.2384
30.9976
35.0036
38.3495
40.3124
39.2632
37.299
34.0941
30.2335
25.6231
20.2089
14.0162
7.18885
7.18885
14.0162
20.2089
25.6231
30.2335
34.0941
37.299
39.2632
38.0659
36.0972
33.0566
29.3638
24.9241
19.6828
13.6647
7.0128
7.0128
13.6647
19.6828
24.9241
29.3638
33.0566
36.0972
38.0659
36.6883
34.7101
31.8627
28.3656
24.1234
19.0811
13.263
6.81182
6.81182
13.263
19.0811
24.1234
28.3656
31.8627
34.7101
36.6883
35.0881
33.0935
30.4756
27.2088
23.1976
18.3865
12.7998
6.58021
6.58021
12.7998
18.3865
23.1976
27.2088
30.4756
33.0935
35.0881
33.2099
31.1884
28.8463
25.8537
22.1153
17.5758
12.2599
6.31041
6.31041
12.2599
17.5758
22.1153
25.8537
28.8463
31.1884
33.2099
30.9798
29.0839
26.9088
24.2464
20.8342
16.6179
11.6226
5.99213
5.99213
11.6226
16.6179
20.8342
24.2464
26.9088
29.0839
30.9798
28.2978
26.777
24.6492
22.3128
19.2959
15.469
10.859
5.61105
5.61105
10.859
15.469
19.2959
22.3128
24.6492
26.777
28.2978
25.0272
23.9716
22.2961
19.9482
17.4171
14.0673
9.92803
5.14658
5.14658
9.92803
14.0673
17.4171
19.9482
22.2961
23.9716
25.0272
20.9805
20.5055
19.3922
17.5438
15.0766
12.3213
8.76839
4.56806
4.56806
8.76839
12.3213
15.0766
17.5438
19.3922
20.5055
20.9805
15.9034
16.1512
15.7403
14.5777
12.5941
10.0911
7.28551
3.82778
3.82778
7.28551
10.0911
12.5941
14.5777
15.7403
16.1512
15.9034
9.46388
10.5928
11.0537
10.7547
9.62792
7.6638
5.32542
2.8472
2.8472
5.32542
7.6638
9.62792
10.7547
11.0537
10.5928
9.46388
42.7992
41.4874
37.7362
33.3051
28.1042
22.0836
15.2727
7.81903
7.81903
15.2727
22.0836
28.1042
33.3051
37.7362
41.4874
42.7992
42.7992
40.829
37.1608
32.8177
27.709
21.7842
15.0716
7.71806
7.71806
15.0716
21.7842
27.709
32.8177
37.1608
40.829
42.7992
42.0625
40.0959
36.5214
32.277
27.2714
21.453
14.8494
7.60652
7.60652
14.8494
21.453
27.2714
32.277
36.5214
40.0959
42.0625
41.2388
39.2749
35.8069
31.6741
26.7842
21.0847
14.6025
7.48266
7.48266
14.6025
21.0847
26.7842
31.6741
35.8069
39.2749
41.2388
40.3124
38.3495
35.0036
30.9976
26.2384
20.6727
14.3266
7.34434
7.34434
14.3266
20.6727
26.2384
30.9976
35.0036
38.3495
40.3124
39.2632
37.299
34.0941
30.2335
25.6231
20.2089
14.0162
7.18885
7.18885
14.0162
20.2089
25.6231
30.2335
34.0941
37.299
39.2632
38.0659
36.0972
33.0566
29.3638
24.9241
19.6828
13.6647
7.0128
7.0128
13.6647
19.6828
24.9241
29.3638
33.0566
36.0972
38.0659
36.6883
34.7101
31.8627
28.3656
24.1234
19.0811
13.263
6.81182
6.81182
13.263
19.0811
24.1234
28.3656
31.8627
34.7101
36.6883
35.0881
33.0935
30.4756
27.2088
23.1976
18.3865
12.7998
6.58021
6.58021
12.7998
18.3865
23.1976
27.2088
30.4756
33.0935
35.0881
33.2099
31.1884
28.8463
25.8537
22.1153
17.5758
12.2599
6.31041
6.31041
12.2599
17.5758
22.1153
25.8537
28.8463
31.1884
33.2099
30.9798
29.0839
26.9088
24.2464
20.8342
16.6179
11.6226
5.99213
5.99213
11.6226
16.6179
20.8342
24.2464
26.9088
29.0839
30.9798
28.2978
26.777
24.6492
22.3128
19.2959
15.469
10.859
5.61105
5.61105
10.859
15.469
19.2959
22.3128
24.6492
26.777
28.2978
25.0272
23.9716
22.2961
19.9482
17.4171
14.0673
9.92803
5.14658
5.14658
9.92803
14.0673
17.4171
19.9482
22.2961
23.9716
25.0272
20.9805
20.5055
19.3922
17.5438
15.0766
12.3213
8.76839
4.56806
4.56806
8.76839
12.3213
15.0766
17.5438
19.3922
20.5055
20.9805
15.9034
16.1512
15.7403
14.5777
12.5941
10.0911
7.28551
3.82778
3.82778
7.28551
10.0911
12.5941
14.5777
15.7403
16.1512
15.9034
9.46388
10.5928
11.0537
10.7547
9.62792
7.6638
5.32542
2.8472
2.8472
5.32542
7.6638
9.62792
10.7547
11.0537
10.5928
9.46388
)
;

boundaryField
{
    walls
    {
        type            calculated;
        value           uniform 0;
    }
    cylinder
    {
        type            calculated;
        value           uniform 0;
    }
    outlet
    {
        type            calculated;
        value           uniform 0;
    }
    inlet
    {
        type            calculated;
        value           uniform 0;
    }
    frontAndBack
    {
        type            empty;
    }
}


// ************************************************************************* //
