/*--------------------------------*- C++ -*----------------------------------*\
| =========                 |                                                 |
| \\      /  F ield         | OpenFOAM: The Open Source CFD Toolbox           |
|  \\    /   O peration     | Version:  2212                                  |
|   \\  /    A nd           | Website:  www.openfoam.com                      |
|    \\/     M anipulation  |                                                 |
\*---------------------------------------------------------------------------*/
FoamFile
{
    version     2.0;
    format      ascii;
    arch        "LSB;label=32;scalar=64";
    class       volScalarField;
    location    "0";
    object      skewness;
}
// * * * * * * * * * * * * * * * * * * * * * * * * * * * * * * * * * * * * * //

dimensions      [0 0 0 0 0 0 0];

internalField   nonuniform List<scalar> 
1024
(
1.25543
0.300519
0.252395
0.205192
0.158764
0.112953
0.06759
0.0224996
0.0224996
0.06759
0.112953
0.158764
0.205192
0.252395
0.300519
1.25543
1.17501
0.00483128
0.00467152
0.00465477
0.00464789
0.00459382
0.00435794
0.00421232
0.00421232
0.00435794
0.00459382
0.00464789
0.00465477
0.00467152
0.00483128
1.17501
1.09458
0.00505837
0.00449486
0.00383526
0.00308742
0.00280189
0.00269456
0.00256201
0.00256201
0.00269456
0.00280189
0.00308742
0.00383526
0.00449486
0.00505837
1.09458
1.01414
0.00530786
0.00472433
0.0040373
0.00325452
0.00238932
0.0014605
0.000773082
0.000773082
0.0014605
0.00238932
0.00325452
0.0040373
0.00472433
0.00530786
1.01414
0.933679
0.00558323
0.00497849
0.00426181
0.00344073
0.00252915
0.00154732
0.00113152
0.00113152
0.00154732
0.00252915
0.00344073
0.00426181
0.00497849
0.00558323
0.933679
0.853202
0.00588874
0.00526155
0.00451276
0.00364954
0.00270674
0.00288188
0.00294107
0.00294107
0.00288188
0.00270674
0.00364954
0.00451276
0.00526155
0.00588874
0.853202
0.772706
0.00622962
0.00557873
0.00479512
0.00402745
0.00437996
0.00459803
0.00467186
0.00467186
0.00459803
0.00437996
0.00402745
0.00479512
0.00557873
0.00622962
0.772706
0.692186
0.00661239
0.00593661
0.00511517
0.00554082
0.00595933
0.00621912
0.00630724
0.00630724
0.00621912
0.00595933
0.00554082
0.00511517
0.00593661
0.00661239
0.692186
0.611638
0.00704528
0.00634356
0.00630482
0.00694282
0.00742392
0.00772365
0.0078255
0.0078255
0.00772365
0.00742392
0.00694282
0.00630482
0.00634356
0.00704528
0.611638
0.531056
0.00753881
0.0068104
0.00749676
0.00820728
0.00874607
0.00908307
0.00919782
0.00919782
0.00908307
0.00874607
0.00820728
0.00749676
0.0068104
0.00753881
0.531056
0.450435
0.00810671
0.00761289
0.00852687
0.00929916
0.00988846
0.0102587
0.0103851
0.0103851
0.0102587
0.00988846
0.00929916
0.00852687
0.00761289
0.00810671
0.450435
0.369764
0.00876713
0.00839147
0.00935185
0.0101704
0.0107995
0.0111968
0.0113327
0.0113327
0.0111968
0.0107995
0.0101704
0.00935185
0.00839147
0.00876713
0.369764
0.289032
0.00954469
0.00893372
0.00991149
0.0107532
0.0114057
0.0118203
0.0119626
0.0119626
0.0118203
0.0114057
0.0107532
0.00991149
0.00893372
0.00954469
0.289032
0.208224
0.0104736
0.00965154
0.0101194
0.0109491
0.0115989
0.0120149
0.0121583
0.0121583
0.0120149
0.0115989
0.0109491
0.0101194
0.00965154
0.0104736
0.208224
0.127317
0.0116028
0.0107753
0.0098471
0.0106086
0.0112127
0.0116032
0.0117385
0.0117385
0.0116032
0.0112127
0.0106086
0.0098471
0.0107753
0.0116028
0.127317
0.0583813
0.12385
0.159648
0.169116
0.156108
0.124956
0.080444
0.027736
0.027736
0.080444
0.124956
0.156108
0.169116
0.159648
0.12385
0.0583813
1.25543
0.300519
0.252395
0.205192
0.158764
0.112953
0.06759
0.0224996
0.0224996
0.06759
0.112953
0.158764
0.205192
0.252395
0.300519
1.25543
1.17501
0.00483128
0.00467152
0.00465477
0.00464789
0.00459382
0.00435794
0.00421232
0.00421232
0.00435794
0.00459382
0.00464789
0.00465477
0.00467152
0.00483128
1.17501
1.09458
0.00505837
0.00449486
0.00383526
0.00308742
0.00280189
0.00269456
0.00256201
0.00256201
0.00269456
0.00280189
0.00308742
0.00383526
0.00449486
0.00505837
1.09458
1.01414
0.00530786
0.00472433
0.0040373
0.00325452
0.00238932
0.0014605
0.000773082
0.000773082
0.0014605
0.00238932
0.00325452
0.0040373
0.00472433
0.00530786
1.01414
0.933679
0.00558323
0.00497849
0.00426181
0.00344073
0.00252915
0.00154732
0.00113152
0.00113152
0.00154732
0.00252915
0.00344073
0.00426181
0.00497849
0.00558323
0.933679
0.853202
0.00588874
0.00526155
0.00451276
0.00364954
0.00270674
0.00288188
0.00294107
0.00294107
0.00288188
0.00270674
0.00364954
0.00451276
0.00526155
0.00588874
0.853202
0.772706
0.00622962
0.00557873
0.00479512
0.00402745
0.00437996
0.00459803
0.00467186
0.00467186
0.00459803
0.00437996
0.00402745
0.00479512
0.00557873
0.00622962
0.772706
0.692186
0.00661239
0.00593661
0.00511517
0.00554082
0.00595933
0.00621912
0.00630724
0.00630724
0.00621912
0.00595933
0.00554082
0.00511517
0.00593661
0.00661239
0.692186
0.611638
0.00704528
0.00634356
0.00630482
0.00694282
0.00742392
0.00772365
0.0078255
0.0078255
0.00772365
0.00742392
0.00694282
0.00630482
0.00634356
0.00704528
0.611638
0.531056
0.00753881
0.0068104
0.00749676
0.00820728
0.00874607
0.00908307
0.00919782
0.00919782
0.00908307
0.00874607
0.00820728
0.00749676
0.0068104
0.00753881
0.531056
0.450435
0.00810671
0.00761289
0.00852687
0.00929916
0.00988846
0.0102587
0.0103851
0.0103851
0.0102587
0.00988846
0.00929916
0.00852687
0.00761289
0.00810671
0.450435
0.369764
0.00876713
0.00839147
0.00935185
0.0101704
0.0107995
0.0111968
0.0113327
0.0113327
0.0111968
0.0107995
0.0101704
0.00935185
0.00839147
0.00876713
0.369764
0.289032
0.00954469
0.00893372
0.00991149
0.0107532
0.0114057
0.0118203
0.0119626
0.0119626
0.0118203
0.0114057
0.0107532
0.00991149
0.00893372
0.00954469
0.289032
0.208224
0.0104736
0.00965154
0.0101194
0.0109491
0.0115989
0.0120149
0.0121583
0.0121583
0.0120149
0.0115989
0.0109491
0.0101194
0.00965154
0.0104736
0.208224
0.127317
0.0116028
0.0107753
0.0098471
0.0106086
0.0112127
0.0116032
0.0117385
0.0117385
0.0116032
0.0112127
0.0106086
0.0098471
0.0107753
0.0116028
0.127317
0.0583813
0.12385
0.159648
0.169116
0.156108
0.124956
0.080444
0.027736
0.027736
0.080444
0.124956
0.156108
0.169116
0.159648
0.12385
0.0583813
1.25543
0.300519
0.252395
0.205192
0.158764
0.112953
0.06759
0.0224996
0.0224996
0.06759
0.112953
0.158764
0.205192
0.252395
0.300519
1.25543
1.17501
0.00483128
0.00467152
0.00465477
0.00464789
0.00459382
0.00435794
0.00421232
0.00421232
0.00435794
0.00459382
0.00464789
0.00465477
0.00467152
0.00483128
1.17501
1.09458
0.00505837
0.00449486
0.00383526
0.00308742
0.00280189
0.00269456
0.00256201
0.00256201
0.00269456
0.00280189
0.00308742
0.00383526
0.00449486
0.00505837
1.09458
1.01414
0.00530786
0.00472433
0.0040373
0.00325452
0.00238932
0.0014605
0.000773082
0.000773082
0.0014605
0.00238932
0.00325452
0.0040373
0.00472433
0.00530786
1.01414
0.933679
0.00558323
0.00497849
0.00426181
0.00344073
0.00252915
0.00154732
0.00113152
0.00113152
0.00154732
0.00252915
0.00344073
0.00426181
0.00497849
0.00558323
0.933679
0.853202
0.00588874
0.00526155
0.00451276
0.00364954
0.00270674
0.00288188
0.00294107
0.00294107
0.00288188
0.00270674
0.00364954
0.00451276
0.00526155
0.00588874
0.853202
0.772706
0.00622962
0.00557873
0.00479512
0.00402745
0.00437996
0.00459803
0.00467186
0.00467186
0.00459803
0.00437996
0.00402745
0.00479512
0.00557873
0.00622962
0.772706
0.692186
0.00661239
0.00593661
0.00511517
0.00554082
0.00595933
0.00621912
0.00630724
0.00630724
0.00621912
0.00595933
0.00554082
0.00511517
0.00593661
0.00661239
0.692186
0.611638
0.00704528
0.00634356
0.00630482
0.00694282
0.00742392
0.00772365
0.0078255
0.0078255
0.00772365
0.00742392
0.00694282
0.00630482
0.00634356
0.00704528
0.611638
0.531056
0.00753881
0.0068104
0.00749676
0.00820728
0.00874607
0.00908307
0.00919782
0.00919782
0.00908307
0.00874607
0.00820728
0.00749676
0.0068104
0.00753881
0.531056
0.450435
0.00810671
0.00761289
0.00852687
0.00929916
0.00988846
0.0102587
0.0103851
0.0103851
0.0102587
0.00988846
0.00929916
0.00852687
0.00761289
0.00810671
0.450435
0.369764
0.00876713
0.00839147
0.00935185
0.0101704
0.0107995
0.0111968
0.0113327
0.0113327
0.0111968
0.0107995
0.0101704
0.00935185
0.00839147
0.00876713
0.369764
0.289032
0.00954469
0.00893372
0.00991149
0.0107532
0.0114057
0.0118203
0.0119626
0.0119626
0.0118203
0.0114057
0.0107532
0.00991149
0.00893372
0.00954469
0.289032
0.208224
0.0104736
0.00965154
0.0101194
0.0109491
0.0115989
0.0120149
0.0121583
0.0121583
0.0120149
0.0115989
0.0109491
0.0101194
0.00965154
0.0104736
0.208224
0.127317
0.0116028
0.0107753
0.0098471
0.0106086
0.0112127
0.0116032
0.0117385
0.0117385
0.0116032
0.0112127
0.0106086
0.0098471
0.0107753
0.0116028
0.127317
0.0583813
0.12385
0.159648
0.169116
0.156108
0.124956
0.080444
0.027736
0.027736
0.080444
0.124956
0.156108
0.169116
0.159648
0.12385
0.0583813
1.25543
0.300519
0.252395
0.205192
0.158764
0.112953
0.06759
0.0224996
0.0224996
0.06759
0.112953
0.158764
0.205192
0.252395
0.300519
1.25543
1.17501
0.00483128
0.00467152
0.00465477
0.00464789
0.00459382
0.00435794
0.00421232
0.00421232
0.00435794
0.00459382
0.00464789
0.00465477
0.00467152
0.00483128
1.17501
1.09458
0.00505837
0.00449486
0.00383526
0.00308742
0.00280189
0.00269456
0.00256201
0.00256201
0.00269456
0.00280189
0.00308742
0.00383526
0.00449486
0.00505837
1.09458
1.01414
0.00530786
0.00472433
0.0040373
0.00325452
0.00238932
0.0014605
0.000773082
0.000773082
0.0014605
0.00238932
0.00325452
0.0040373
0.00472433
0.00530786
1.01414
0.933679
0.00558323
0.00497849
0.00426181
0.00344073
0.00252915
0.00154732
0.00113152
0.00113152
0.00154732
0.00252915
0.00344073
0.00426181
0.00497849
0.00558323
0.933679
0.853202
0.00588874
0.00526155
0.00451276
0.00364954
0.00270674
0.00288188
0.00294107
0.00294107
0.00288188
0.00270674
0.00364954
0.00451276
0.00526155
0.00588874
0.853202
0.772706
0.00622962
0.00557873
0.00479512
0.00402745
0.00437996
0.00459803
0.00467186
0.00467186
0.00459803
0.00437996
0.00402745
0.00479512
0.00557873
0.00622962
0.772706
0.692186
0.00661239
0.00593661
0.00511517
0.00554082
0.00595933
0.00621912
0.00630724
0.00630724
0.00621912
0.00595933
0.00554082
0.00511517
0.00593661
0.00661239
0.692186
0.611638
0.00704528
0.00634356
0.00630482
0.00694282
0.00742392
0.00772365
0.0078255
0.0078255
0.00772365
0.00742392
0.00694282
0.00630482
0.00634356
0.00704528
0.611638
0.531056
0.00753881
0.0068104
0.00749676
0.00820728
0.00874607
0.00908307
0.00919782
0.00919782
0.00908307
0.00874607
0.00820728
0.00749676
0.0068104
0.00753881
0.531056
0.450435
0.00810671
0.00761289
0.00852687
0.00929916
0.00988846
0.0102587
0.0103851
0.0103851
0.0102587
0.00988846
0.00929916
0.00852687
0.00761289
0.00810671
0.450435
0.369764
0.00876713
0.00839147
0.00935185
0.0101704
0.0107995
0.0111968
0.0113327
0.0113327
0.0111968
0.0107995
0.0101704
0.00935185
0.00839147
0.00876713
0.369764
0.289032
0.00954469
0.00893372
0.00991149
0.0107532
0.0114057
0.0118203
0.0119626
0.0119626
0.0118203
0.0114057
0.0107532
0.00991149
0.00893372
0.00954469
0.289032
0.208224
0.0104736
0.00965154
0.0101194
0.0109491
0.0115989
0.0120149
0.0121583
0.0121583
0.0120149
0.0115989
0.0109491
0.0101194
0.00965154
0.0104736
0.208224
0.127317
0.0116028
0.0107753
0.0098471
0.0106086
0.0112127
0.0116032
0.0117385
0.0117385
0.0116032
0.0112127
0.0106086
0.0098471
0.0107753
0.0116028
0.127317
0.0583813
0.12385
0.159648
0.169116
0.156108
0.124956
0.080444
0.027736
0.027736
0.080444
0.124956
0.156108
0.169116
0.159648
0.12385
0.0583813
)
;

boundaryField
{
    walls
    {
        type            calculated;
        value           nonuniform List<scalar> 
32
(
0.349697
0.300519
0.252395
0.205192
0.158764
0.112953
0.06759
0.0224996
0.0224996
0.06759
0.112953
0.158764
0.205192
0.252395
0.300519
0.349697
0.349697
0.300519
0.252395
0.205192
0.158764
0.112953
0.06759
0.0224996
0.0224996
0.06759
0.112953
0.158764
0.205192
0.252395
0.300519
0.349697
)
;
    }
    cylinder
    {
        type            calculated;
        value           nonuniform List<scalar> 
64
(
0.0583813
0.12385
0.159648
0.169116
0.156108
0.124956
0.080444
0.027736
0.027736
0.080444
0.124956
0.156108
0.169116
0.159648
0.12385
0.0583813
0.0583813
0.12385
0.159648
0.169116
0.156108
0.124956
0.080444
0.027736
0.027736
0.080444
0.124956
0.156108
0.169116
0.159648
0.12385
0.0583813
0.0583813
0.12385
0.159648
0.169116
0.156108
0.124956
0.080444
0.027736
0.027736
0.080444
0.124956
0.156108
0.169116
0.159648
0.12385
0.0583813
0.0583813
0.12385
0.159648
0.169116
0.156108
0.124956
0.080444
0.027736
0.027736
0.080444
0.124956
0.156108
0.169116
0.159648
0.12385
0.0583813
)
;
    }
    outlet
    {
        type            calculated;
        value           nonuniform List<scalar> 
16
(
0.349697
0.300519
0.252395
0.205192
0.158764
0.112953
0.06759
0.0224996
0.0224996
0.06759
0.112953
0.158764
0.205192
0.252395
0.300519
0.349697
)
;
    }
    inlet
    {
        type            calculated;
        value           nonuniform List<scalar> 
16
(
0.349697
0.300519
0.252395
0.205192
0.158764
0.112953
0.06759
0.0224996
0.0224996
0.06759
0.112953
0.158764
0.205192
0.252395
0.300519
0.349697
)
;
    }
    frontAndBack
    {
        type            empty;
    }
}


// ************************************************************************* //
