/*--------------------------------*- C++ -*----------------------------------*\
| =========                 |                                                 |
| \\      /  F ield         | OpenFOAM: The Open Source CFD Toolbox           |
|  \\    /   O peration     | Version:  2212                                  |
|   \\  /    A nd           | Website:  www.openfoam.com                      |
|    \\/     M anipulation  |                                                 |
\*---------------------------------------------------------------------------*/
FoamFile
{
    version     2.0;
    format      ascii;
    arch        "LSB;label=32;scalar=64";
    class       volScalarField;
    location    "0";
    object      aspectRatio;
}
// * * * * * * * * * * * * * * * * * * * * * * * * * * * * * * * * * * * * * //

dimensions      [0 0 0 0 0 0 0];

internalField   nonuniform List<scalar> 
1024
(
3.48494
3.45508
3.41411
3.36027
3.29206
3.20838
3.10863
2.99279
2.99279
3.10863
3.20838
3.29206
3.36027
3.41411
3.45508
3.48494
3.25942
3.23711
3.20542
3.16246
3.10647
3.03599
2.94995
2.8478
2.8478
2.94995
3.03599
3.10647
3.16246
3.20542
3.23711
3.25942
3.04616
3.03001
3.00601
2.97219
2.92661
2.86754
2.7935
2.70349
2.70349
2.7935
2.86754
2.92661
2.97219
3.00601
3.03001
3.04616
2.84419
2.833
2.81528
2.78903
2.75222
2.70288
2.63924
2.55987
2.55987
2.63924
2.70288
2.75222
2.78903
2.81528
2.833
2.84419
2.65263
2.64534
2.63266
2.6126
2.58305
2.54189
2.48712
2.41694
2.41694
2.48712
2.54189
2.58305
2.6126
2.63266
2.64534
2.65263
2.47069
2.46639
2.45766
2.44253
2.41887
2.38446
2.33709
2.27468
2.27468
2.33709
2.38446
2.41887
2.44253
2.45766
2.46639
2.47069
2.29768
2.29556
2.2898
2.27848
2.25946
2.23046
2.18911
2.1331
2.1331
2.18911
2.23046
2.25946
2.27848
2.2898
2.29556
2.29768
2.13295
2.13231
2.12866
2.12013
2.10462
2.07978
2.04315
1.99219
1.99219
2.04315
2.07978
2.10462
2.12013
2.12866
2.13231
2.13295
1.97591
1.97613
1.97384
1.96721
1.95415
1.93232
1.89915
1.85194
1.85194
1.89915
1.93232
1.95415
1.96721
1.97384
1.97613
1.97591
1.82605
1.82659
1.82497
1.81942
1.80788
1.78798
1.75709
1.71235
1.71235
1.75709
1.78798
1.80788
1.81942
1.82497
1.82659
1.82605
1.68288
1.68327
1.68173
1.67652
1.66562
1.64665
1.61691
1.57342
1.57342
1.61691
1.64665
1.66562
1.67652
1.68173
1.68327
1.68288
1.54596
1.54579
1.54379
1.53827
1.52722
1.50825
1.47859
1.43513
1.43513
1.47859
1.50825
1.52722
1.53827
1.54379
1.54579
1.54596
1.4149
1.4138
1.41087
1.40445
1.39252
1.37268
1.34208
1.29749
1.29749
1.34208
1.37268
1.39252
1.40445
1.41087
1.4138
1.4149
1.28932
1.28697
1.2827
1.27484
1.26138
1.23986
1.20736
1.16049
1.16049
1.20736
1.23986
1.26138
1.27484
1.2827
1.28697
1.28932
1.16888
1.16501
1.15903
1.14925
1.13365
1.1097
1.07439
1.02413
1.02413
1.07439
1.1097
1.13365
1.14925
1.15903
1.16501
1.16888
1.05329
1.04765
1.03962
1.0275
1.0092
1.0182
1.0603
1.12561
1.12561
1.0603
1.0182
1.0092
1.0275
1.03962
1.04765
1.05329
3.48494
3.45508
3.41411
3.36027
3.29206
3.20838
3.10863
2.99279
2.99279
3.10863
3.20838
3.29206
3.36027
3.41411
3.45508
3.48494
3.25942
3.23711
3.20542
3.16246
3.10647
3.03599
2.94995
2.8478
2.8478
2.94995
3.03599
3.10647
3.16246
3.20542
3.23711
3.25942
3.04616
3.03001
3.00601
2.97219
2.92661
2.86754
2.7935
2.70349
2.70349
2.7935
2.86754
2.92661
2.97219
3.00601
3.03001
3.04616
2.84419
2.833
2.81528
2.78903
2.75222
2.70288
2.63924
2.55987
2.55987
2.63924
2.70288
2.75222
2.78903
2.81528
2.833
2.84419
2.65263
2.64534
2.63266
2.6126
2.58305
2.54189
2.48712
2.41694
2.41694
2.48712
2.54189
2.58305
2.6126
2.63266
2.64534
2.65263
2.47069
2.46639
2.45766
2.44253
2.41887
2.38446
2.33709
2.27468
2.27468
2.33709
2.38446
2.41887
2.44253
2.45766
2.46639
2.47069
2.29768
2.29556
2.2898
2.27848
2.25946
2.23046
2.18911
2.1331
2.1331
2.18911
2.23046
2.25946
2.27848
2.2898
2.29556
2.29768
2.13295
2.13231
2.12866
2.12013
2.10462
2.07978
2.04315
1.99219
1.99219
2.04315
2.07978
2.10462
2.12013
2.12866
2.13231
2.13295
1.97591
1.97613
1.97384
1.96721
1.95415
1.93232
1.89915
1.85194
1.85194
1.89915
1.93232
1.95415
1.96721
1.97384
1.97613
1.97591
1.82605
1.82659
1.82497
1.81942
1.80788
1.78798
1.75709
1.71235
1.71235
1.75709
1.78798
1.80788
1.81942
1.82497
1.82659
1.82605
1.68288
1.68327
1.68173
1.67652
1.66562
1.64665
1.61691
1.57342
1.57342
1.61691
1.64665
1.66562
1.67652
1.68173
1.68327
1.68288
1.54596
1.54579
1.54379
1.53827
1.52722
1.50825
1.47859
1.43513
1.43513
1.47859
1.50825
1.52722
1.53827
1.54379
1.54579
1.54596
1.4149
1.4138
1.41087
1.40445
1.39252
1.37268
1.34208
1.29749
1.29749
1.34208
1.37268
1.39252
1.40445
1.41087
1.4138
1.4149
1.28932
1.28697
1.2827
1.27484
1.26138
1.23986
1.20736
1.16049
1.16049
1.20736
1.23986
1.26138
1.27484
1.2827
1.28697
1.28932
1.16888
1.16501
1.15903
1.14925
1.13365
1.1097
1.07439
1.02413
1.02413
1.07439
1.1097
1.13365
1.14925
1.15903
1.16501
1.16888
1.05329
1.04765
1.03962
1.0275
1.0092
1.0182
1.0603
1.12561
1.12561
1.0603
1.0182
1.0092
1.0275
1.03962
1.04765
1.05329
3.48494
3.45508
3.41411
3.36027
3.29206
3.20838
3.10863
2.99279
2.99279
3.10863
3.20838
3.29206
3.36027
3.41411
3.45508
3.48494
3.25942
3.23711
3.20542
3.16246
3.10647
3.03599
2.94995
2.8478
2.8478
2.94995
3.03599
3.10647
3.16246
3.20542
3.23711
3.25942
3.04616
3.03001
3.00601
2.97219
2.92661
2.86754
2.7935
2.70349
2.70349
2.7935
2.86754
2.92661
2.97219
3.00601
3.03001
3.04616
2.84419
2.833
2.81528
2.78903
2.75222
2.70288
2.63924
2.55987
2.55987
2.63924
2.70288
2.75222
2.78903
2.81528
2.833
2.84419
2.65263
2.64534
2.63266
2.6126
2.58305
2.54189
2.48712
2.41694
2.41694
2.48712
2.54189
2.58305
2.6126
2.63266
2.64534
2.65263
2.47069
2.46639
2.45766
2.44253
2.41887
2.38446
2.33709
2.27468
2.27468
2.33709
2.38446
2.41887
2.44253
2.45766
2.46639
2.47069
2.29768
2.29556
2.2898
2.27848
2.25946
2.23046
2.18911
2.1331
2.1331
2.18911
2.23046
2.25946
2.27848
2.2898
2.29556
2.29768
2.13295
2.13231
2.12866
2.12013
2.10462
2.07978
2.04315
1.99219
1.99219
2.04315
2.07978
2.10462
2.12013
2.12866
2.13231
2.13295
1.97591
1.97613
1.97384
1.96721
1.95415
1.93232
1.89915
1.85194
1.85194
1.89915
1.93232
1.95415
1.96721
1.97384
1.97613
1.97591
1.82605
1.82659
1.82497
1.81942
1.80788
1.78798
1.75709
1.71235
1.71235
1.75709
1.78798
1.80788
1.81942
1.82497
1.82659
1.82605
1.68288
1.68327
1.68173
1.67652
1.66562
1.64665
1.61691
1.57342
1.57342
1.61691
1.64665
1.66562
1.67652
1.68173
1.68327
1.68288
1.54596
1.54579
1.54379
1.53827
1.52722
1.50825
1.47859
1.43513
1.43513
1.47859
1.50825
1.52722
1.53827
1.54379
1.54579
1.54596
1.4149
1.4138
1.41087
1.40445
1.39252
1.37268
1.34208
1.29749
1.29749
1.34208
1.37268
1.39252
1.40445
1.41087
1.4138
1.4149
1.28932
1.28697
1.2827
1.27484
1.26138
1.23986
1.20736
1.16049
1.16049
1.20736
1.23986
1.26138
1.27484
1.2827
1.28697
1.28932
1.16888
1.16501
1.15903
1.14925
1.13365
1.1097
1.07439
1.02413
1.02413
1.07439
1.1097
1.13365
1.14925
1.15903
1.16501
1.16888
1.05329
1.04765
1.03962
1.0275
1.0092
1.0182
1.0603
1.12561
1.12561
1.0603
1.0182
1.0092
1.0275
1.03962
1.04765
1.05329
3.48494
3.45508
3.41411
3.36027
3.29206
3.20838
3.10863
2.99279
2.99279
3.10863
3.20838
3.29206
3.36027
3.41411
3.45508
3.48494
3.25942
3.23711
3.20542
3.16246
3.10647
3.03599
2.94995
2.8478
2.8478
2.94995
3.03599
3.10647
3.16246
3.20542
3.23711
3.25942
3.04616
3.03001
3.00601
2.97219
2.92661
2.86754
2.7935
2.70349
2.70349
2.7935
2.86754
2.92661
2.97219
3.00601
3.03001
3.04616
2.84419
2.833
2.81528
2.78903
2.75222
2.70288
2.63924
2.55987
2.55987
2.63924
2.70288
2.75222
2.78903
2.81528
2.833
2.84419
2.65263
2.64534
2.63266
2.6126
2.58305
2.54189
2.48712
2.41694
2.41694
2.48712
2.54189
2.58305
2.6126
2.63266
2.64534
2.65263
2.47069
2.46639
2.45766
2.44253
2.41887
2.38446
2.33709
2.27468
2.27468
2.33709
2.38446
2.41887
2.44253
2.45766
2.46639
2.47069
2.29768
2.29556
2.2898
2.27848
2.25946
2.23046
2.18911
2.1331
2.1331
2.18911
2.23046
2.25946
2.27848
2.2898
2.29556
2.29768
2.13295
2.13231
2.12866
2.12013
2.10462
2.07978
2.04315
1.99219
1.99219
2.04315
2.07978
2.10462
2.12013
2.12866
2.13231
2.13295
1.97591
1.97613
1.97384
1.96721
1.95415
1.93232
1.89915
1.85194
1.85194
1.89915
1.93232
1.95415
1.96721
1.97384
1.97613
1.97591
1.82605
1.82659
1.82497
1.81942
1.80788
1.78798
1.75709
1.71235
1.71235
1.75709
1.78798
1.80788
1.81942
1.82497
1.82659
1.82605
1.68288
1.68327
1.68173
1.67652
1.66562
1.64665
1.61691
1.57342
1.57342
1.61691
1.64665
1.66562
1.67652
1.68173
1.68327
1.68288
1.54596
1.54579
1.54379
1.53827
1.52722
1.50825
1.47859
1.43513
1.43513
1.47859
1.50825
1.52722
1.53827
1.54379
1.54579
1.54596
1.4149
1.4138
1.41087
1.40445
1.39252
1.37268
1.34208
1.29749
1.29749
1.34208
1.37268
1.39252
1.40445
1.41087
1.4138
1.4149
1.28932
1.28697
1.2827
1.27484
1.26138
1.23986
1.20736
1.16049
1.16049
1.20736
1.23986
1.26138
1.27484
1.2827
1.28697
1.28932
1.16888
1.16501
1.15903
1.14925
1.13365
1.1097
1.07439
1.02413
1.02413
1.07439
1.1097
1.13365
1.14925
1.15903
1.16501
1.16888
1.05329
1.04765
1.03962
1.0275
1.0092
1.0182
1.0603
1.12561
1.12561
1.0603
1.0182
1.0092
1.0275
1.03962
1.04765
1.05329
)
;

boundaryField
{
    walls
    {
        type            zeroGradient;
    }
    cylinder
    {
        type            zeroGradient;
    }
    outlet
    {
        type            zeroGradient;
    }
    inlet
    {
        type            zeroGradient;
    }
    frontAndBack
    {
        type            empty;
    }
}


// ************************************************************************* //
