/*--------------------------------*- C++ -*----------------------------------*\
| =========                 |                                                 |
| \\      /  F ield         | OpenFOAM: The Open Source CFD Toolbox           |
|  \\    /   O peration     | Version:  2212                                  |
|   \\  /    A nd           | Website:  www.openfoam.com                      |
|    \\/     M anipulation  |                                                 |
\*---------------------------------------------------------------------------*/
FoamFile
{
    version     2.0;
    format      ascii;
    arch        "LSB;label=32;scalar=64";
    class       volScalarField;
    location    "0";
    object      cellVolume;
}
// * * * * * * * * * * * * * * * * * * * * * * * * * * * * * * * * * * * * * //

dimensions      [0 3 0 0 0 0 0];

internalField   nonuniform List<scalar> 
1024
(
0.0519088
0.050449
0.0491689
0.0480815
0.0471979
0.0465271
0.0460761
0.0458495
0.0458495
0.0460761
0.0465271
0.0471979
0.0480815
0.0491689
0.050449
0.0519088
0.0497916
0.0483271
0.0470393
0.0459429
0.0450503
0.0443718
0.0439152
0.0436855
0.0436855
0.0439152
0.0443718
0.0450503
0.0459429
0.0470393
0.0483271
0.0497916
0.0476744
0.0462052
0.0449097
0.0438042
0.0429027
0.0422165
0.0417542
0.0415216
0.0415216
0.0417542
0.0422165
0.0429027
0.0438042
0.0449097
0.0462052
0.0476744
0.0455572
0.0440832
0.0427801
0.0416656
0.0407552
0.0400612
0.0395933
0.0393577
0.0393577
0.0395933
0.0400612
0.0407552
0.0416656
0.0427801
0.0440832
0.0455572
0.04344
0.0419613
0.0406505
0.039527
0.0386076
0.0379059
0.0374323
0.0371938
0.0371938
0.0374323
0.0379059
0.0386076
0.039527
0.0406505
0.0419613
0.04344
0.0413228
0.0398394
0.0385209
0.0373884
0.0364601
0.0357506
0.0352714
0.0350298
0.0350298
0.0352714
0.0357506
0.0364601
0.0373884
0.0385209
0.0398394
0.0413228
0.0392056
0.0377175
0.0363913
0.0352498
0.0343125
0.0335954
0.0331104
0.0328659
0.0328659
0.0331104
0.0335954
0.0343125
0.0352498
0.0363913
0.0377175
0.0392056
0.0370885
0.0355955
0.0342617
0.0331112
0.032165
0.0314401
0.0309495
0.030702
0.030702
0.0309495
0.0314401
0.032165
0.0331112
0.0342617
0.0355955
0.0370885
0.0349713
0.0334736
0.032132
0.0309726
0.0300174
0.0292848
0.0287885
0.028538
0.028538
0.0287885
0.0292848
0.0300174
0.0309726
0.032132
0.0334736
0.0349713
0.0328541
0.0313517
0.0300024
0.0288339
0.0278698
0.0271295
0.0266276
0.0263741
0.0263741
0.0266276
0.0271295
0.0278698
0.0288339
0.0300024
0.0313517
0.0328541
0.0307369
0.0292297
0.0278728
0.0266953
0.0257223
0.0249742
0.0244666
0.0242102
0.0242102
0.0244666
0.0249742
0.0257223
0.0266953
0.0278728
0.0292297
0.0307369
0.0286197
0.0271078
0.0257432
0.0245567
0.0235747
0.0228189
0.0223057
0.0220463
0.0220463
0.0223057
0.0228189
0.0235747
0.0245567
0.0257432
0.0271078
0.0286197
0.0265025
0.0249859
0.0236136
0.0224181
0.0214272
0.0206636
0.0201447
0.0198823
0.0198823
0.0201447
0.0206636
0.0214272
0.0224181
0.0236136
0.0249859
0.0265025
0.0243853
0.022864
0.021484
0.0202795
0.0192796
0.0185083
0.0179838
0.0177184
0.0177184
0.0179838
0.0185083
0.0192796
0.0202795
0.021484
0.022864
0.0243853
0.0222681
0.020742
0.0193544
0.0181409
0.0171321
0.016353
0.0158228
0.0155545
0.0155545
0.0158228
0.016353
0.0171321
0.0181409
0.0193544
0.020742
0.0222681
0.0201509
0.0186201
0.0172248
0.0160023
0.0149845
0.0141977
0.0136619
0.0133905
0.0133905
0.0136619
0.0141977
0.0149845
0.0160023
0.0172248
0.0186201
0.0201509
0.0519088
0.050449
0.0491689
0.0480815
0.0471979
0.0465271
0.0460761
0.0458495
0.0458495
0.0460761
0.0465271
0.0471979
0.0480815
0.0491689
0.050449
0.0519088
0.0497916
0.0483271
0.0470393
0.0459429
0.0450503
0.0443718
0.0439152
0.0436855
0.0436855
0.0439152
0.0443718
0.0450503
0.0459429
0.0470393
0.0483271
0.0497916
0.0476744
0.0462052
0.0449097
0.0438042
0.0429027
0.0422165
0.0417542
0.0415216
0.0415216
0.0417542
0.0422165
0.0429027
0.0438042
0.0449097
0.0462052
0.0476744
0.0455572
0.0440832
0.0427801
0.0416656
0.0407552
0.0400612
0.0395933
0.0393577
0.0393577
0.0395933
0.0400612
0.0407552
0.0416656
0.0427801
0.0440832
0.0455572
0.04344
0.0419613
0.0406505
0.039527
0.0386076
0.0379059
0.0374323
0.0371938
0.0371938
0.0374323
0.0379059
0.0386076
0.039527
0.0406505
0.0419613
0.04344
0.0413228
0.0398394
0.0385209
0.0373884
0.0364601
0.0357506
0.0352714
0.0350298
0.0350298
0.0352714
0.0357506
0.0364601
0.0373884
0.0385209
0.0398394
0.0413228
0.0392056
0.0377175
0.0363913
0.0352498
0.0343125
0.0335954
0.0331104
0.0328659
0.0328659
0.0331104
0.0335954
0.0343125
0.0352498
0.0363913
0.0377175
0.0392056
0.0370885
0.0355955
0.0342617
0.0331112
0.032165
0.0314401
0.0309495
0.030702
0.030702
0.0309495
0.0314401
0.032165
0.0331112
0.0342617
0.0355955
0.0370885
0.0349713
0.0334736
0.032132
0.0309726
0.0300174
0.0292848
0.0287885
0.028538
0.028538
0.0287885
0.0292848
0.0300174
0.0309726
0.032132
0.0334736
0.0349713
0.0328541
0.0313517
0.0300024
0.0288339
0.0278698
0.0271295
0.0266276
0.0263741
0.0263741
0.0266276
0.0271295
0.0278698
0.0288339
0.0300024
0.0313517
0.0328541
0.0307369
0.0292297
0.0278728
0.0266953
0.0257223
0.0249742
0.0244666
0.0242102
0.0242102
0.0244666
0.0249742
0.0257223
0.0266953
0.0278728
0.0292297
0.0307369
0.0286197
0.0271078
0.0257432
0.0245567
0.0235747
0.0228189
0.0223057
0.0220463
0.0220463
0.0223057
0.0228189
0.0235747
0.0245567
0.0257432
0.0271078
0.0286197
0.0265025
0.0249859
0.0236136
0.0224181
0.0214272
0.0206636
0.0201447
0.0198823
0.0198823
0.0201447
0.0206636
0.0214272
0.0224181
0.0236136
0.0249859
0.0265025
0.0243853
0.022864
0.021484
0.0202795
0.0192796
0.0185083
0.0179838
0.0177184
0.0177184
0.0179838
0.0185083
0.0192796
0.0202795
0.021484
0.022864
0.0243853
0.0222681
0.020742
0.0193544
0.0181409
0.0171321
0.016353
0.0158228
0.0155545
0.0155545
0.0158228
0.016353
0.0171321
0.0181409
0.0193544
0.020742
0.0222681
0.0201509
0.0186201
0.0172248
0.0160023
0.0149845
0.0141977
0.0136619
0.0133905
0.0133905
0.0136619
0.0141977
0.0149845
0.0160023
0.0172248
0.0186201
0.0201509
0.0519088
0.050449
0.0491689
0.0480815
0.0471979
0.0465271
0.0460761
0.0458495
0.0458495
0.0460761
0.0465271
0.0471979
0.0480815
0.0491689
0.050449
0.0519088
0.0497916
0.0483271
0.0470393
0.0459429
0.0450503
0.0443718
0.0439152
0.0436855
0.0436855
0.0439152
0.0443718
0.0450503
0.0459429
0.0470393
0.0483271
0.0497916
0.0476744
0.0462052
0.0449097
0.0438042
0.0429027
0.0422165
0.0417542
0.0415216
0.0415216
0.0417542
0.0422165
0.0429027
0.0438042
0.0449097
0.0462052
0.0476744
0.0455572
0.0440832
0.0427801
0.0416656
0.0407552
0.0400612
0.0395933
0.0393577
0.0393577
0.0395933
0.0400612
0.0407552
0.0416656
0.0427801
0.0440832
0.0455572
0.04344
0.0419613
0.0406505
0.039527
0.0386076
0.0379059
0.0374323
0.0371938
0.0371938
0.0374323
0.0379059
0.0386076
0.039527
0.0406505
0.0419613
0.04344
0.0413228
0.0398394
0.0385209
0.0373884
0.0364601
0.0357506
0.0352714
0.0350298
0.0350298
0.0352714
0.0357506
0.0364601
0.0373884
0.0385209
0.0398394
0.0413228
0.0392056
0.0377175
0.0363913
0.0352498
0.0343125
0.0335954
0.0331104
0.0328659
0.0328659
0.0331104
0.0335954
0.0343125
0.0352498
0.0363913
0.0377175
0.0392056
0.0370885
0.0355955
0.0342617
0.0331112
0.032165
0.0314401
0.0309495
0.030702
0.030702
0.0309495
0.0314401
0.032165
0.0331112
0.0342617
0.0355955
0.0370885
0.0349713
0.0334736
0.032132
0.0309726
0.0300174
0.0292848
0.0287885
0.028538
0.028538
0.0287885
0.0292848
0.0300174
0.0309726
0.032132
0.0334736
0.0349713
0.0328541
0.0313517
0.0300024
0.0288339
0.0278698
0.0271295
0.0266276
0.0263741
0.0263741
0.0266276
0.0271295
0.0278698
0.0288339
0.0300024
0.0313517
0.0328541
0.0307369
0.0292297
0.0278728
0.0266953
0.0257223
0.0249742
0.0244666
0.0242102
0.0242102
0.0244666
0.0249742
0.0257223
0.0266953
0.0278728
0.0292297
0.0307369
0.0286197
0.0271078
0.0257432
0.0245567
0.0235747
0.0228189
0.0223057
0.0220463
0.0220463
0.0223057
0.0228189
0.0235747
0.0245567
0.0257432
0.0271078
0.0286197
0.0265025
0.0249859
0.0236136
0.0224181
0.0214272
0.0206636
0.0201447
0.0198823
0.0198823
0.0201447
0.0206636
0.0214272
0.0224181
0.0236136
0.0249859
0.0265025
0.0243853
0.022864
0.021484
0.0202795
0.0192796
0.0185083
0.0179838
0.0177184
0.0177184
0.0179838
0.0185083
0.0192796
0.0202795
0.021484
0.022864
0.0243853
0.0222681
0.020742
0.0193544
0.0181409
0.0171321
0.016353
0.0158228
0.0155545
0.0155545
0.0158228
0.016353
0.0171321
0.0181409
0.0193544
0.020742
0.0222681
0.0201509
0.0186201
0.0172248
0.0160023
0.0149845
0.0141977
0.0136619
0.0133905
0.0133905
0.0136619
0.0141977
0.0149845
0.0160023
0.0172248
0.0186201
0.0201509
0.0519088
0.050449
0.0491689
0.0480815
0.0471979
0.0465271
0.0460761
0.0458495
0.0458495
0.0460761
0.0465271
0.0471979
0.0480815
0.0491689
0.050449
0.0519088
0.0497916
0.0483271
0.0470393
0.0459429
0.0450503
0.0443718
0.0439152
0.0436855
0.0436855
0.0439152
0.0443718
0.0450503
0.0459429
0.0470393
0.0483271
0.0497916
0.0476744
0.0462052
0.0449097
0.0438042
0.0429027
0.0422165
0.0417542
0.0415216
0.0415216
0.0417542
0.0422165
0.0429027
0.0438042
0.0449097
0.0462052
0.0476744
0.0455572
0.0440832
0.0427801
0.0416656
0.0407552
0.0400612
0.0395933
0.0393577
0.0393577
0.0395933
0.0400612
0.0407552
0.0416656
0.0427801
0.0440832
0.0455572
0.04344
0.0419613
0.0406505
0.039527
0.0386076
0.0379059
0.0374323
0.0371938
0.0371938
0.0374323
0.0379059
0.0386076
0.039527
0.0406505
0.0419613
0.04344
0.0413228
0.0398394
0.0385209
0.0373884
0.0364601
0.0357506
0.0352714
0.0350298
0.0350298
0.0352714
0.0357506
0.0364601
0.0373884
0.0385209
0.0398394
0.0413228
0.0392056
0.0377175
0.0363913
0.0352498
0.0343125
0.0335954
0.0331104
0.0328659
0.0328659
0.0331104
0.0335954
0.0343125
0.0352498
0.0363913
0.0377175
0.0392056
0.0370885
0.0355955
0.0342617
0.0331112
0.032165
0.0314401
0.0309495
0.030702
0.030702
0.0309495
0.0314401
0.032165
0.0331112
0.0342617
0.0355955
0.0370885
0.0349713
0.0334736
0.032132
0.0309726
0.0300174
0.0292848
0.0287885
0.028538
0.028538
0.0287885
0.0292848
0.0300174
0.0309726
0.032132
0.0334736
0.0349713
0.0328541
0.0313517
0.0300024
0.0288339
0.0278698
0.0271295
0.0266276
0.0263741
0.0263741
0.0266276
0.0271295
0.0278698
0.0288339
0.0300024
0.0313517
0.0328541
0.0307369
0.0292297
0.0278728
0.0266953
0.0257223
0.0249742
0.0244666
0.0242102
0.0242102
0.0244666
0.0249742
0.0257223
0.0266953
0.0278728
0.0292297
0.0307369
0.0286197
0.0271078
0.0257432
0.0245567
0.0235747
0.0228189
0.0223057
0.0220463
0.0220463
0.0223057
0.0228189
0.0235747
0.0245567
0.0257432
0.0271078
0.0286197
0.0265025
0.0249859
0.0236136
0.0224181
0.0214272
0.0206636
0.0201447
0.0198823
0.0198823
0.0201447
0.0206636
0.0214272
0.0224181
0.0236136
0.0249859
0.0265025
0.0243853
0.022864
0.021484
0.0202795
0.0192796
0.0185083
0.0179838
0.0177184
0.0177184
0.0179838
0.0185083
0.0192796
0.0202795
0.021484
0.022864
0.0243853
0.0222681
0.020742
0.0193544
0.0181409
0.0171321
0.016353
0.0158228
0.0155545
0.0155545
0.0158228
0.016353
0.0171321
0.0181409
0.0193544
0.020742
0.0222681
0.0201509
0.0186201
0.0172248
0.0160023
0.0149845
0.0141977
0.0136619
0.0133905
0.0133905
0.0136619
0.0141977
0.0149845
0.0160023
0.0172248
0.0186201
0.0201509
)
;

boundaryField
{
    walls
    {
        type            calculated;
        value           uniform 0;
    }
    cylinder
    {
        type            calculated;
        value           uniform 0;
    }
    outlet
    {
        type            calculated;
        value           uniform 0;
    }
    inlet
    {
        type            calculated;
        value           uniform 0;
    }
    frontAndBack
    {
        type            empty;
    }
}


// ************************************************************************* //
