/*--------------------------------*- C++ -*----------------------------------*\
| =========                 |                                                 |
| \\      /  F ield         | OpenFOAM: The Open Source CFD Toolbox           |
|  \\    /   O peration     | Version:  2212                                  |
|   \\  /    A nd           | Website:  www.openfoam.com                      |
|    \\/     M anipulation  |                                                 |
\*---------------------------------------------------------------------------*/
FoamFile
{
    version     2.0;
    format      ascii;
    arch        "LSB;label=32;scalar=64";
    class       volScalarField;
    location    "0";
    object      cellVolumeRatio;
}
// * * * * * * * * * * * * * * * * * * * * * * * * * * * * * * * * * * * * * //

dimensions      [0 0 0 0 0 0 0];

internalField   nonuniform List<scalar> 
1024
(
0.959213
0.957939
0.956688
0.955521
0.954499
0.953677
0.9531
0.952804
0.952804
0.9531
0.953677
0.954499
0.955521
0.956688
0.957939
0.959213
0.957479
0.956092
0.954727
0.953451
0.95233
0.951426
0.950793
0.950466
0.950466
0.950793
0.951426
0.95233
0.953451
0.954727
0.956092
0.957479
0.955591
0.954076
0.95258
0.951178
0.949944
0.948947
0.948246
0.947884
0.947884
0.948246
0.948947
0.949944
0.951178
0.95258
0.954076
0.955591
0.953527
0.951865
0.95022
0.948672
0.947306
0.9462
0.945421
0.945019
0.945019
0.945421
0.9462
0.947306
0.948672
0.95022
0.951865
0.953527
0.951262
0.949431
0.947612
0.945895
0.944375
0.943141
0.94227
0.94182
0.94182
0.94227
0.943141
0.944375
0.945895
0.947612
0.949431
0.951262
0.948765
0.946738
0.944716
0.9428
0.941098
0.939713
0.938734
0.938226
0.938226
0.938734
0.939713
0.941098
0.9428
0.944716
0.946738
0.948765
0.945998
0.943741
0.94148
0.93933
0.937412
0.935845
0.934735
0.934159
0.934159
0.934735
0.935845
0.937412
0.93933
0.94148
0.943741
0.945998
0.942915
0.940388
0.937843
0.935411
0.933233
0.931447
0.930178
0.929518
0.929518
0.930178
0.931447
0.933233
0.935411
0.937843
0.940388
0.942915
0.939459
0.936609
0.933723
0.930951
0.928456
0.926402
0.924937
0.924174
0.924174
0.924937
0.926402
0.928456
0.930951
0.933723
0.936609
0.939459
0.935558
0.932318
0.929019
0.92583
0.922943
0.920555
0.918845
0.917953
0.917953
0.918845
0.920555
0.922943
0.92583
0.929019
0.932318
0.935558
0.931119
0.927405
0.923596
0.919888
0.91651
0.913699
0.911678
0.910619
0.910619
0.911678
0.913699
0.91651
0.919888
0.923596
0.927405
0.931119
0.926023
0.921723
0.917275
0.912911
0.908904
0.905548
0.903121
0.901846
0.901846
0.903121
0.905548
0.908904
0.912911
0.917275
0.921723
0.926023
0.920114
0.915075
0.909814
0.904603
0.899774
0.895696
0.892729
0.891163
0.891163
0.892729
0.895696
0.899774
0.904603
0.909814
0.915075
0.920114
0.913178
0.907193
0.900875
0.894543
0.88861
0.88355
0.879839
0.877871
0.877871
0.879839
0.88355
0.88861
0.894543
0.900875
0.907193
0.913178
0.904923
0.897699
0.889968
0.882111
0.874647
0.868202
0.863428
0.860881
0.860881
0.863428
0.868202
0.874647
0.882111
0.889968
0.897699
0.904923
0.904923
0.897699
0.889968
0.882111
0.874647
0.868202
0.863428
0.860881
0.860881
0.863428
0.868202
0.874647
0.882111
0.889968
0.897699
0.904923
0.959213
0.957939
0.956688
0.955521
0.954499
0.953677
0.9531
0.952804
0.952804
0.9531
0.953677
0.954499
0.955521
0.956688
0.957939
0.959213
0.957479
0.956092
0.954727
0.953451
0.95233
0.951426
0.950793
0.950466
0.950466
0.950793
0.951426
0.95233
0.953451
0.954727
0.956092
0.957479
0.955591
0.954076
0.95258
0.951178
0.949944
0.948947
0.948246
0.947884
0.947884
0.948246
0.948947
0.949944
0.951178
0.95258
0.954076
0.955591
0.953527
0.951865
0.95022
0.948672
0.947306
0.9462
0.945421
0.945019
0.945019
0.945421
0.9462
0.947306
0.948672
0.95022
0.951865
0.953527
0.951262
0.949431
0.947612
0.945895
0.944375
0.943141
0.94227
0.94182
0.94182
0.94227
0.943141
0.944375
0.945895
0.947612
0.949431
0.951262
0.948765
0.946738
0.944716
0.9428
0.941098
0.939713
0.938734
0.938226
0.938226
0.938734
0.939713
0.941098
0.9428
0.944716
0.946738
0.948765
0.945998
0.943741
0.94148
0.93933
0.937412
0.935845
0.934735
0.934159
0.934159
0.934735
0.935845
0.937412
0.93933
0.94148
0.943741
0.945998
0.942915
0.940388
0.937843
0.935411
0.933233
0.931447
0.930178
0.929518
0.929518
0.930178
0.931447
0.933233
0.935411
0.937843
0.940388
0.942915
0.939459
0.936609
0.933723
0.930951
0.928456
0.926402
0.924937
0.924174
0.924174
0.924937
0.926402
0.928456
0.930951
0.933723
0.936609
0.939459
0.935558
0.932318
0.929019
0.92583
0.922943
0.920555
0.918845
0.917953
0.917953
0.918845
0.920555
0.922943
0.92583
0.929019
0.932318
0.935558
0.931119
0.927405
0.923596
0.919888
0.91651
0.913699
0.911678
0.910619
0.910619
0.911678
0.913699
0.91651
0.919888
0.923596
0.927405
0.931119
0.926023
0.921723
0.917275
0.912911
0.908904
0.905548
0.903121
0.901846
0.901846
0.903121
0.905548
0.908904
0.912911
0.917275
0.921723
0.926023
0.920114
0.915075
0.909814
0.904603
0.899774
0.895696
0.892729
0.891163
0.891163
0.892729
0.895696
0.899774
0.904603
0.909814
0.915075
0.920114
0.913178
0.907193
0.900875
0.894543
0.88861
0.88355
0.879839
0.877871
0.877871
0.879839
0.88355
0.88861
0.894543
0.900875
0.907193
0.913178
0.904923
0.897699
0.889968
0.882111
0.874647
0.868202
0.863428
0.860881
0.860881
0.863428
0.868202
0.874647
0.882111
0.889968
0.897699
0.904923
0.904923
0.897699
0.889968
0.882111
0.874647
0.868202
0.863428
0.860881
0.860881
0.863428
0.868202
0.874647
0.882111
0.889968
0.897699
0.904923
0.959213
0.957939
0.956688
0.955521
0.954499
0.953677
0.9531
0.952804
0.952804
0.9531
0.953677
0.954499
0.955521
0.956688
0.957939
0.959213
0.957479
0.956092
0.954727
0.953451
0.95233
0.951426
0.950793
0.950466
0.950466
0.950793
0.951426
0.95233
0.953451
0.954727
0.956092
0.957479
0.955591
0.954076
0.95258
0.951178
0.949944
0.948947
0.948246
0.947884
0.947884
0.948246
0.948947
0.949944
0.951178
0.95258
0.954076
0.955591
0.953527
0.951865
0.95022
0.948672
0.947306
0.9462
0.945421
0.945019
0.945019
0.945421
0.9462
0.947306
0.948672
0.95022
0.951865
0.953527
0.951262
0.949431
0.947612
0.945895
0.944375
0.943141
0.94227
0.94182
0.94182
0.94227
0.943141
0.944375
0.945895
0.947612
0.949431
0.951262
0.948765
0.946738
0.944716
0.9428
0.941098
0.939713
0.938734
0.938226
0.938226
0.938734
0.939713
0.941098
0.9428
0.944716
0.946738
0.948765
0.945998
0.943741
0.94148
0.93933
0.937412
0.935845
0.934735
0.934159
0.934159
0.934735
0.935845
0.937412
0.93933
0.94148
0.943741
0.945998
0.942915
0.940388
0.937843
0.935411
0.933233
0.931447
0.930178
0.929518
0.929518
0.930178
0.931447
0.933233
0.935411
0.937843
0.940388
0.942915
0.939459
0.936609
0.933723
0.930951
0.928456
0.926402
0.924937
0.924174
0.924174
0.924937
0.926402
0.928456
0.930951
0.933723
0.936609
0.939459
0.935558
0.932318
0.929019
0.92583
0.922943
0.920555
0.918845
0.917953
0.917953
0.918845
0.920555
0.922943
0.92583
0.929019
0.932318
0.935558
0.931119
0.927405
0.923596
0.919888
0.91651
0.913699
0.911678
0.910619
0.910619
0.911678
0.913699
0.91651
0.919888
0.923596
0.927405
0.931119
0.926023
0.921723
0.917275
0.912911
0.908904
0.905548
0.903121
0.901846
0.901846
0.903121
0.905548
0.908904
0.912911
0.917275
0.921723
0.926023
0.920114
0.915075
0.909814
0.904603
0.899774
0.895696
0.892729
0.891163
0.891163
0.892729
0.895696
0.899774
0.904603
0.909814
0.915075
0.920114
0.913178
0.907193
0.900875
0.894543
0.88861
0.88355
0.879839
0.877871
0.877871
0.879839
0.88355
0.88861
0.894543
0.900875
0.907193
0.913178
0.904923
0.897699
0.889968
0.882111
0.874647
0.868202
0.863428
0.860881
0.860881
0.863428
0.868202
0.874647
0.882111
0.889968
0.897699
0.904923
0.904923
0.897699
0.889968
0.882111
0.874647
0.868202
0.863428
0.860881
0.860881
0.863428
0.868202
0.874647
0.882111
0.889968
0.897699
0.904923
0.959213
0.957939
0.956688
0.955521
0.954499
0.953677
0.9531
0.952804
0.952804
0.9531
0.953677
0.954499
0.955521
0.956688
0.957939
0.959213
0.957479
0.956092
0.954727
0.953451
0.95233
0.951426
0.950793
0.950466
0.950466
0.950793
0.951426
0.95233
0.953451
0.954727
0.956092
0.957479
0.955591
0.954076
0.95258
0.951178
0.949944
0.948947
0.948246
0.947884
0.947884
0.948246
0.948947
0.949944
0.951178
0.95258
0.954076
0.955591
0.953527
0.951865
0.95022
0.948672
0.947306
0.9462
0.945421
0.945019
0.945019
0.945421
0.9462
0.947306
0.948672
0.95022
0.951865
0.953527
0.951262
0.949431
0.947612
0.945895
0.944375
0.943141
0.94227
0.94182
0.94182
0.94227
0.943141
0.944375
0.945895
0.947612
0.949431
0.951262
0.948765
0.946738
0.944716
0.9428
0.941098
0.939713
0.938734
0.938226
0.938226
0.938734
0.939713
0.941098
0.9428
0.944716
0.946738
0.948765
0.945998
0.943741
0.94148
0.93933
0.937412
0.935845
0.934735
0.934159
0.934159
0.934735
0.935845
0.937412
0.93933
0.94148
0.943741
0.945998
0.942915
0.940388
0.937843
0.935411
0.933233
0.931447
0.930178
0.929518
0.929518
0.930178
0.931447
0.933233
0.935411
0.937843
0.940388
0.942915
0.939459
0.936609
0.933723
0.930951
0.928456
0.926402
0.924937
0.924174
0.924174
0.924937
0.926402
0.928456
0.930951
0.933723
0.936609
0.939459
0.935558
0.932318
0.929019
0.92583
0.922943
0.920555
0.918845
0.917953
0.917953
0.918845
0.920555
0.922943
0.92583
0.929019
0.932318
0.935558
0.931119
0.927405
0.923596
0.919888
0.91651
0.913699
0.911678
0.910619
0.910619
0.911678
0.913699
0.91651
0.919888
0.923596
0.927405
0.931119
0.926023
0.921723
0.917275
0.912911
0.908904
0.905548
0.903121
0.901846
0.901846
0.903121
0.905548
0.908904
0.912911
0.917275
0.921723
0.926023
0.920114
0.915075
0.909814
0.904603
0.899774
0.895696
0.892729
0.891163
0.891163
0.892729
0.895696
0.899774
0.904603
0.909814
0.915075
0.920114
0.913178
0.907193
0.900875
0.894543
0.88861
0.88355
0.879839
0.877871
0.877871
0.879839
0.88355
0.88861
0.894543
0.900875
0.907193
0.913178
0.904923
0.897699
0.889968
0.882111
0.874647
0.868202
0.863428
0.860881
0.860881
0.863428
0.868202
0.874647
0.882111
0.889968
0.897699
0.904923
0.904923
0.897699
0.889968
0.882111
0.874647
0.868202
0.863428
0.860881
0.860881
0.863428
0.868202
0.874647
0.882111
0.889968
0.897699
0.904923
)
;

boundaryField
{
    walls
    {
        type            calculated;
        value           uniform 1;
    }
    cylinder
    {
        type            calculated;
        value           uniform 1;
    }
    outlet
    {
        type            calculated;
        value           uniform 1;
    }
    inlet
    {
        type            calculated;
        value           uniform 1;
    }
    frontAndBack
    {
        type            empty;
    }
}


// ************************************************************************* //
