/*--------------------------------*- C++ -*----------------------------------*\
| =========                 |                                                 |
| \\      /  F ield         | OpenFOAM: The Open Source CFD Toolbox           |
|  \\    /   O peration     | Version:  2212                                  |
|   \\  /    A nd           | Website:  www.openfoam.com                      |
|    \\/     M anipulation  |                                                 |
\*---------------------------------------------------------------------------*/
FoamFile
{
    version     2.0;
    format      ascii;
    arch        "LSB;label=32;scalar=64";
    class       volScalarField;
    location    "0";
    object      faceWeight;
}
// * * * * * * * * * * * * * * * * * * * * * * * * * * * * * * * * * * * * * //

dimensions      [0 0 0 0 0 0 0];

internalField   nonuniform List<scalar> 
1024
(
0.496529
0.496418
0.496309
0.496207
0.496118
0.496045
0.495995
0.495969
0.495969
0.495995
0.496045
0.496118
0.496207
0.496309
0.496418
0.496529
0.496379
0.496257
0.496138
0.496026
0.495928
0.495848
0.495792
0.495764
0.495764
0.495792
0.495848
0.495928
0.496026
0.496138
0.496257
0.496379
0.496214
0.496081
0.49595
0.495827
0.495718
0.49563
0.495569
0.495537
0.495537
0.495569
0.49563
0.495718
0.495827
0.49595
0.496081
0.496214
0.496034
0.495888
0.495743
0.495607
0.495486
0.495388
0.495319
0.495284
0.495284
0.495319
0.495388
0.495486
0.495607
0.495743
0.495888
0.496034
0.495835
0.495674
0.495514
0.495362
0.495227
0.495118
0.495041
0.495
0.495
0.495041
0.495118
0.495227
0.495362
0.495514
0.495674
0.495835
0.495616
0.495437
0.495258
0.495089
0.494937
0.494814
0.494726
0.494681
0.494681
0.494726
0.494814
0.494937
0.495089
0.495258
0.495437
0.495616
0.495373
0.495173
0.494972
0.494781
0.494609
0.494469
0.494369
0.494318
0.494318
0.494369
0.494469
0.494609
0.494781
0.494972
0.495173
0.495373
0.495101
0.494876
0.494649
0.494431
0.494236
0.494075
0.493961
0.493901
0.493901
0.493961
0.494075
0.494236
0.494431
0.494649
0.494876
0.495101
0.494794
0.49454
0.494281
0.494032
0.493807
0.493621
0.493488
0.493419
0.493419
0.493488
0.493621
0.493807
0.494032
0.494281
0.49454
0.494794
0.494447
0.494157
0.49386
0.493571
0.493309
0.493091
0.492935
0.492853
0.492853
0.492935
0.493091
0.493309
0.493571
0.49386
0.494157
0.494447
0.49405
0.493716
0.49337
0.493033
0.492723
0.492465
0.492278
0.49218
0.49218
0.492278
0.492465
0.492723
0.493033
0.49337
0.493716
0.49405
0.493593
0.493202
0.492796
0.492396
0.492025
0.491714
0.491487
0.491368
0.491368
0.491487
0.491714
0.492025
0.492396
0.492796
0.493202
0.493593
0.493058
0.492598
0.492113
0.49163
0.491179
0.490795
0.490514
0.490366
0.490366
0.490514
0.490795
0.491179
0.49163
0.492113
0.492598
0.493058
0.492427
0.491875
0.491287
0.490692
0.49013
0.489647
0.48929
0.489099
0.489099
0.48929
0.489647
0.49013
0.490692
0.491287
0.491875
0.492427
0.491668
0.490995
0.490266
0.489517
0.488797
0.488169
0.487699
0.487447
0.487447
0.487699
0.488169
0.488797
0.489517
0.490266
0.490995
0.491668
0.491668
0.490995
0.490266
0.489517
0.488797
0.488169
0.487699
0.487447
0.487447
0.487699
0.488169
0.488797
0.489517
0.490266
0.490995
0.491668
0.496529
0.496418
0.496309
0.496207
0.496118
0.496045
0.495995
0.495969
0.495969
0.495995
0.496045
0.496118
0.496207
0.496309
0.496418
0.496529
0.496379
0.496257
0.496138
0.496026
0.495928
0.495848
0.495792
0.495764
0.495764
0.495792
0.495848
0.495928
0.496026
0.496138
0.496257
0.496379
0.496214
0.496081
0.49595
0.495827
0.495718
0.49563
0.495569
0.495537
0.495537
0.495569
0.49563
0.495718
0.495827
0.49595
0.496081
0.496214
0.496034
0.495888
0.495743
0.495607
0.495486
0.495388
0.495319
0.495284
0.495284
0.495319
0.495388
0.495486
0.495607
0.495743
0.495888
0.496034
0.495835
0.495674
0.495514
0.495362
0.495227
0.495118
0.495041
0.495
0.495
0.495041
0.495118
0.495227
0.495362
0.495514
0.495674
0.495835
0.495616
0.495437
0.495258
0.495089
0.494937
0.494814
0.494726
0.494681
0.494681
0.494726
0.494814
0.494937
0.495089
0.495258
0.495437
0.495616
0.495373
0.495173
0.494972
0.494781
0.494609
0.494469
0.494369
0.494318
0.494318
0.494369
0.494469
0.494609
0.494781
0.494972
0.495173
0.495373
0.495101
0.494876
0.494649
0.494431
0.494236
0.494075
0.493961
0.493901
0.493901
0.493961
0.494075
0.494236
0.494431
0.494649
0.494876
0.495101
0.494794
0.49454
0.494281
0.494032
0.493807
0.493621
0.493488
0.493419
0.493419
0.493488
0.493621
0.493807
0.494032
0.494281
0.49454
0.494794
0.494447
0.494157
0.49386
0.493571
0.493309
0.493091
0.492935
0.492853
0.492853
0.492935
0.493091
0.493309
0.493571
0.49386
0.494157
0.494447
0.49405
0.493716
0.49337
0.493033
0.492723
0.492465
0.492278
0.49218
0.49218
0.492278
0.492465
0.492723
0.493033
0.49337
0.493716
0.49405
0.493593
0.493202
0.492796
0.492396
0.492025
0.491714
0.491487
0.491368
0.491368
0.491487
0.491714
0.492025
0.492396
0.492796
0.493202
0.493593
0.493058
0.492598
0.492113
0.49163
0.491179
0.490795
0.490514
0.490366
0.490366
0.490514
0.490795
0.491179
0.49163
0.492113
0.492598
0.493058
0.492427
0.491875
0.491287
0.490692
0.49013
0.489647
0.48929
0.489099
0.489099
0.48929
0.489647
0.49013
0.490692
0.491287
0.491875
0.492427
0.491668
0.490995
0.490266
0.489517
0.488797
0.488169
0.487699
0.487447
0.487447
0.487699
0.488169
0.488797
0.489517
0.490266
0.490995
0.491668
0.491668
0.490995
0.490266
0.489517
0.488797
0.488169
0.487699
0.487447
0.487447
0.487699
0.488169
0.488797
0.489517
0.490266
0.490995
0.491668
0.496529
0.496418
0.496309
0.496207
0.496118
0.496045
0.495995
0.495969
0.495969
0.495995
0.496045
0.496118
0.496207
0.496309
0.496418
0.496529
0.496379
0.496257
0.496138
0.496026
0.495928
0.495848
0.495792
0.495764
0.495764
0.495792
0.495848
0.495928
0.496026
0.496138
0.496257
0.496379
0.496214
0.496081
0.49595
0.495827
0.495718
0.49563
0.495569
0.495537
0.495537
0.495569
0.49563
0.495718
0.495827
0.49595
0.496081
0.496214
0.496034
0.495888
0.495743
0.495607
0.495486
0.495388
0.495319
0.495284
0.495284
0.495319
0.495388
0.495486
0.495607
0.495743
0.495888
0.496034
0.495835
0.495674
0.495514
0.495362
0.495227
0.495118
0.495041
0.495
0.495
0.495041
0.495118
0.495227
0.495362
0.495514
0.495674
0.495835
0.495616
0.495437
0.495258
0.495089
0.494937
0.494814
0.494726
0.494681
0.494681
0.494726
0.494814
0.494937
0.495089
0.495258
0.495437
0.495616
0.495373
0.495173
0.494972
0.494781
0.494609
0.494469
0.494369
0.494318
0.494318
0.494369
0.494469
0.494609
0.494781
0.494972
0.495173
0.495373
0.495101
0.494876
0.494649
0.494431
0.494236
0.494075
0.493961
0.493901
0.493901
0.493961
0.494075
0.494236
0.494431
0.494649
0.494876
0.495101
0.494794
0.49454
0.494281
0.494032
0.493807
0.493621
0.493488
0.493419
0.493419
0.493488
0.493621
0.493807
0.494032
0.494281
0.49454
0.494794
0.494447
0.494157
0.49386
0.493571
0.493309
0.493091
0.492935
0.492853
0.492853
0.492935
0.493091
0.493309
0.493571
0.49386
0.494157
0.494447
0.49405
0.493716
0.49337
0.493033
0.492723
0.492465
0.492278
0.49218
0.49218
0.492278
0.492465
0.492723
0.493033
0.49337
0.493716
0.49405
0.493593
0.493202
0.492796
0.492396
0.492025
0.491714
0.491487
0.491368
0.491368
0.491487
0.491714
0.492025
0.492396
0.492796
0.493202
0.493593
0.493058
0.492598
0.492113
0.49163
0.491179
0.490795
0.490514
0.490366
0.490366
0.490514
0.490795
0.491179
0.49163
0.492113
0.492598
0.493058
0.492427
0.491875
0.491287
0.490692
0.49013
0.489647
0.48929
0.489099
0.489099
0.48929
0.489647
0.49013
0.490692
0.491287
0.491875
0.492427
0.491668
0.490995
0.490266
0.489517
0.488797
0.488169
0.487699
0.487447
0.487447
0.487699
0.488169
0.488797
0.489517
0.490266
0.490995
0.491668
0.491668
0.490995
0.490266
0.489517
0.488797
0.488169
0.487699
0.487447
0.487447
0.487699
0.488169
0.488797
0.489517
0.490266
0.490995
0.491668
0.496529
0.496418
0.496309
0.496207
0.496118
0.496045
0.495995
0.495969
0.495969
0.495995
0.496045
0.496118
0.496207
0.496309
0.496418
0.496529
0.496379
0.496257
0.496138
0.496026
0.495928
0.495848
0.495792
0.495764
0.495764
0.495792
0.495848
0.495928
0.496026
0.496138
0.496257
0.496379
0.496214
0.496081
0.49595
0.495827
0.495718
0.49563
0.495569
0.495537
0.495537
0.495569
0.49563
0.495718
0.495827
0.49595
0.496081
0.496214
0.496034
0.495888
0.495743
0.495607
0.495486
0.495388
0.495319
0.495284
0.495284
0.495319
0.495388
0.495486
0.495607
0.495743
0.495888
0.496034
0.495835
0.495674
0.495514
0.495362
0.495227
0.495118
0.495041
0.495
0.495
0.495041
0.495118
0.495227
0.495362
0.495514
0.495674
0.495835
0.495616
0.495437
0.495258
0.495089
0.494937
0.494814
0.494726
0.494681
0.494681
0.494726
0.494814
0.494937
0.495089
0.495258
0.495437
0.495616
0.495373
0.495173
0.494972
0.494781
0.494609
0.494469
0.494369
0.494318
0.494318
0.494369
0.494469
0.494609
0.494781
0.494972
0.495173
0.495373
0.495101
0.494876
0.494649
0.494431
0.494236
0.494075
0.493961
0.493901
0.493901
0.493961
0.494075
0.494236
0.494431
0.494649
0.494876
0.495101
0.494794
0.49454
0.494281
0.494032
0.493807
0.493621
0.493488
0.493419
0.493419
0.493488
0.493621
0.493807
0.494032
0.494281
0.49454
0.494794
0.494447
0.494157
0.49386
0.493571
0.493309
0.493091
0.492935
0.492853
0.492853
0.492935
0.493091
0.493309
0.493571
0.49386
0.494157
0.494447
0.49405
0.493716
0.49337
0.493033
0.492723
0.492465
0.492278
0.49218
0.49218
0.492278
0.492465
0.492723
0.493033
0.49337
0.493716
0.49405
0.493593
0.493202
0.492796
0.492396
0.492025
0.491714
0.491487
0.491368
0.491368
0.491487
0.491714
0.492025
0.492396
0.492796
0.493202
0.493593
0.493058
0.492598
0.492113
0.49163
0.491179
0.490795
0.490514
0.490366
0.490366
0.490514
0.490795
0.491179
0.49163
0.492113
0.492598
0.493058
0.492427
0.491875
0.491287
0.490692
0.49013
0.489647
0.48929
0.489099
0.489099
0.48929
0.489647
0.49013
0.490692
0.491287
0.491875
0.492427
0.491668
0.490995
0.490266
0.489517
0.488797
0.488169
0.487699
0.487447
0.487447
0.487699
0.488169
0.488797
0.489517
0.490266
0.490995
0.491668
0.491668
0.490995
0.490266
0.489517
0.488797
0.488169
0.487699
0.487447
0.487447
0.487699
0.488169
0.488797
0.489517
0.490266
0.490995
0.491668
)
;

boundaryField
{
    walls
    {
        type            calculated;
        value           uniform 1;
    }
    cylinder
    {
        type            calculated;
        value           uniform 1;
    }
    outlet
    {
        type            calculated;
        value           uniform 1;
    }
    inlet
    {
        type            calculated;
        value           uniform 1;
    }
    frontAndBack
    {
        type            calculated;
        patchType       empty;
        value           nonuniform List<scalar> 0();
    }
}


// ************************************************************************* //
