/*--------------------------------*- C++ -*----------------------------------*\
| =========                 |                                                 |
| \\      /  F ield         | OpenFOAM: The Open Source CFD Toolbox           |
|  \\    /   O peration     | Version:  2212                                  |
|   \\  /    A nd           | Website:  www.openfoam.com                      |
|    \\/     M anipulation  |                                                 |
\*---------------------------------------------------------------------------*/
FoamFile
{
    version     2.0;
    format      ascii;
    arch        "LSB;label=32;scalar=64";
    class       volScalarField;
    location    "0";
    object      minTetVolume;
}
// * * * * * * * * * * * * * * * * * * * * * * * * * * * * * * * * * * * * * //

dimensions      [0 0 0 0 0 0 0];

internalField   nonuniform List<scalar> 
1024
(
0.000573521
0.000531454
0.000497388
0.000471149
0.000452569
0.000441547
0.000438098
0.000438483
0.000438483
0.000438098
0.000441547
0.000452569
0.000471149
0.000497388
0.000531454
0.000573521
0.000572168
0.000525122
0.000487051
0.000457623
0.000436523
0.000423522
0.000418535
0.000418545
0.000418545
0.000418535
0.000423522
0.000436523
0.000457623
0.000487051
0.000525122
0.000572168
0.000571299
0.000518922
0.000476654
0.000443957
0.000420327
0.000405376
0.000398898
0.000398552
0.000398552
0.000398898
0.000405376
0.000420327
0.000443957
0.000476654
0.000518922
0.000571299
0.000571
0.000512886
0.000466203
0.000430145
0.000403973
0.000387105
0.000379187
0.000378505
0.000378505
0.000379187
0.000387105
0.000403973
0.000430145
0.000466203
0.000512886
0.000571
0.000571372
0.000507048
0.0004557
0.000416179
0.000387454
0.000368705
0.000359401
0.000358404
0.000358404
0.000359401
0.000368705
0.000387454
0.000416179
0.0004557
0.000507048
0.000571372
0.000572527
0.000501446
0.000445148
0.000402052
0.00037076
0.000350168
0.000339537
0.00033825
0.00033825
0.000339537
0.000350168
0.00037076
0.000402052
0.000445148
0.000501446
0.000572527
0.000574588
0.000496113
0.000434544
0.000387747
0.000353878
0.00033149
0.000319594
0.00031757
0.00031757
0.000319594
0.00033149
0.000353878
0.000387747
0.000434544
0.000496113
0.000574588
0.000577677
0.000491077
0.000423876
0.000373244
0.000336791
0.000312658
0.00029957
0.000296687
0.000296687
0.00029957
0.000312658
0.000336791
0.000373244
0.000423876
0.000491077
0.000577677
0.000581903
0.000486346
0.000413114
0.00035851
0.000319475
0.000293662
0.000279461
0.000275796
0.000275796
0.000279461
0.000293662
0.000319475
0.00035851
0.000413114
0.000486346
0.000581903
0.000587312
0.000481883
0.000402202
0.000343494
0.000301896
0.000274485
0.000259261
0.000254901
0.000254901
0.000259261
0.000274485
0.000301896
0.000343494
0.000402202
0.000481883
0.000587312
0.000477164
0.000477567
0.000391032
0.000328118
0.000284005
0.000255102
0.000238966
0.000234
0.000234
0.000238966
0.000255102
0.000284005
0.000328118
0.000391032
0.000477567
0.000477164
0.000364833
0.000373185
0.0003794
0.000312254
0.000265733
0.000235483
0.000218565
0.000213097
0.000213097
0.000218565
0.000235483
0.000265733
0.000312254
0.0003794
0.000373185
0.000364833
0.000271989
0.000272379
0.000274812
0.000279878
0.000246972
0.000215581
0.000198049
0.000192193
0.000192193
0.000198049
0.000215581
0.000246972
0.000279878
0.000274812
0.000272379
0.000271989
0.000196912
0.000192347
0.000189032
0.000187501
0.00018791
0.000189902
0.0001774
0.000171291
0.000171291
0.0001774
0.000189902
0.00018791
0.000187501
0.000189032
0.000192347
0.000196912
0.000137721
0.000130587
0.000124313
0.000119367
0.000115977
0.000114087
0.000113366
0.000113341
0.000113341
0.000113366
0.000114087
0.000115977
0.000119367
0.000124313
0.000130587
0.000137721
9.24226e-05
8.45125e-05
7.73322e-05
7.12706e-05
6.65413e-05
6.31914e-05
6.11332e-05
6.02124e-05
6.02124e-05
6.11332e-05
6.31914e-05
6.65413e-05
7.12706e-05
7.73322e-05
8.45125e-05
9.24226e-05
0.000573521
0.000531454
0.000497388
0.000471149
0.000452569
0.000441547
0.000438098
0.000438483
0.000438483
0.000438098
0.000441547
0.000452569
0.000471149
0.000497388
0.000531454
0.000573521
0.000572168
0.000525122
0.000487051
0.000457623
0.000436523
0.000423522
0.000418535
0.000418545
0.000418545
0.000418535
0.000423522
0.000436523
0.000457623
0.000487051
0.000525122
0.000572168
0.000571299
0.000518922
0.000476654
0.000443957
0.000420327
0.000405376
0.000398898
0.000398552
0.000398552
0.000398898
0.000405376
0.000420327
0.000443957
0.000476654
0.000518922
0.000571299
0.000571
0.000512886
0.000466203
0.000430145
0.000403973
0.000387105
0.000379187
0.000378505
0.000378505
0.000379187
0.000387105
0.000403973
0.000430145
0.000466203
0.000512886
0.000571
0.000571372
0.000507048
0.0004557
0.000416179
0.000387454
0.000368705
0.000359401
0.000358404
0.000358404
0.000359401
0.000368705
0.000387454
0.000416179
0.0004557
0.000507048
0.000571372
0.000572527
0.000501446
0.000445148
0.000402052
0.00037076
0.000350168
0.000339537
0.00033825
0.00033825
0.000339537
0.000350168
0.00037076
0.000402052
0.000445148
0.000501446
0.000572527
0.000574588
0.000496113
0.000434544
0.000387747
0.000353878
0.00033149
0.000319594
0.00031757
0.00031757
0.000319594
0.00033149
0.000353878
0.000387747
0.000434544
0.000496113
0.000574588
0.000577677
0.000491077
0.000423876
0.000373244
0.000336791
0.000312658
0.00029957
0.000296687
0.000296687
0.00029957
0.000312658
0.000336791
0.000373244
0.000423876
0.000491077
0.000577677
0.000581903
0.000486346
0.000413114
0.00035851
0.000319475
0.000293662
0.000279461
0.000275796
0.000275796
0.000279461
0.000293662
0.000319475
0.00035851
0.000413114
0.000486346
0.000581903
0.000587312
0.000481883
0.000402202
0.000343494
0.000301896
0.000274485
0.000259261
0.000254901
0.000254901
0.000259261
0.000274485
0.000301896
0.000343494
0.000402202
0.000481883
0.000587312
0.000477164
0.000477567
0.000391032
0.000328118
0.000284005
0.000255102
0.000238966
0.000234
0.000234
0.000238966
0.000255102
0.000284005
0.000328118
0.000391032
0.000477567
0.000477164
0.000364833
0.000373185
0.0003794
0.000312254
0.000265733
0.000235483
0.000218565
0.000213097
0.000213097
0.000218565
0.000235483
0.000265733
0.000312254
0.0003794
0.000373185
0.000364833
0.000271989
0.000272379
0.000274812
0.000279878
0.000246972
0.000215581
0.000198049
0.000192193
0.000192193
0.000198049
0.000215581
0.000246972
0.000279878
0.000274812
0.000272379
0.000271989
0.000196912
0.000192347
0.000189032
0.000187501
0.00018791
0.000189902
0.0001774
0.000171291
0.000171291
0.0001774
0.000189902
0.00018791
0.000187501
0.000189032
0.000192347
0.000196912
0.000137721
0.000130587
0.000124313
0.000119367
0.000115977
0.000114087
0.000113366
0.000113341
0.000113341
0.000113366
0.000114087
0.000115977
0.000119367
0.000124313
0.000130587
0.000137721
9.24226e-05
8.45125e-05
7.73322e-05
7.12706e-05
6.65413e-05
6.31914e-05
6.11332e-05
6.02124e-05
6.02124e-05
6.11332e-05
6.31914e-05
6.65413e-05
7.12706e-05
7.73322e-05
8.45125e-05
9.24226e-05
0.000573521
0.000531454
0.000497388
0.000471149
0.000452569
0.000441547
0.000438098
0.000438483
0.000438483
0.000438098
0.000441547
0.000452569
0.000471149
0.000497388
0.000531454
0.000573521
0.000572168
0.000525122
0.000487051
0.000457623
0.000436523
0.000423522
0.000418535
0.000418545
0.000418545
0.000418535
0.000423522
0.000436523
0.000457623
0.000487051
0.000525122
0.000572168
0.000571299
0.000518922
0.000476654
0.000443957
0.000420327
0.000405376
0.000398898
0.000398552
0.000398552
0.000398898
0.000405376
0.000420327
0.000443957
0.000476654
0.000518922
0.000571299
0.000571
0.000512886
0.000466203
0.000430145
0.000403973
0.000387105
0.000379187
0.000378505
0.000378505
0.000379187
0.000387105
0.000403973
0.000430145
0.000466203
0.000512886
0.000571
0.000571372
0.000507048
0.0004557
0.000416179
0.000387454
0.000368705
0.000359401
0.000358404
0.000358404
0.000359401
0.000368705
0.000387454
0.000416179
0.0004557
0.000507048
0.000571372
0.000572527
0.000501446
0.000445148
0.000402052
0.00037076
0.000350168
0.000339537
0.00033825
0.00033825
0.000339537
0.000350168
0.00037076
0.000402052
0.000445148
0.000501446
0.000572527
0.000574588
0.000496113
0.000434544
0.000387747
0.000353878
0.00033149
0.000319594
0.00031757
0.00031757
0.000319594
0.00033149
0.000353878
0.000387747
0.000434544
0.000496113
0.000574588
0.000577677
0.000491077
0.000423876
0.000373244
0.000336791
0.000312658
0.00029957
0.000296687
0.000296687
0.00029957
0.000312658
0.000336791
0.000373244
0.000423876
0.000491077
0.000577677
0.000581903
0.000486346
0.000413114
0.00035851
0.000319475
0.000293662
0.000279461
0.000275796
0.000275796
0.000279461
0.000293662
0.000319475
0.00035851
0.000413114
0.000486346
0.000581903
0.000587312
0.000481883
0.000402202
0.000343494
0.000301896
0.000274485
0.000259261
0.000254901
0.000254901
0.000259261
0.000274485
0.000301896
0.000343494
0.000402202
0.000481883
0.000587312
0.000477164
0.000477567
0.000391032
0.000328118
0.000284005
0.000255102
0.000238966
0.000234
0.000234
0.000238966
0.000255102
0.000284005
0.000328118
0.000391032
0.000477567
0.000477164
0.000364833
0.000373185
0.0003794
0.000312254
0.000265733
0.000235483
0.000218565
0.000213097
0.000213097
0.000218565
0.000235483
0.000265733
0.000312254
0.0003794
0.000373185
0.000364833
0.000271989
0.000272379
0.000274812
0.000279878
0.000246972
0.000215581
0.000198049
0.000192193
0.000192193
0.000198049
0.000215581
0.000246972
0.000279878
0.000274812
0.000272379
0.000271989
0.000196912
0.000192347
0.000189032
0.000187501
0.00018791
0.000189902
0.0001774
0.000171291
0.000171291
0.0001774
0.000189902
0.00018791
0.000187501
0.000189032
0.000192347
0.000196912
0.000137721
0.000130587
0.000124313
0.000119367
0.000115977
0.000114087
0.000113366
0.000113341
0.000113341
0.000113366
0.000114087
0.000115977
0.000119367
0.000124313
0.000130587
0.000137721
9.24226e-05
8.45125e-05
7.73322e-05
7.12706e-05
6.65413e-05
6.31914e-05
6.11332e-05
6.02124e-05
6.02124e-05
6.11332e-05
6.31914e-05
6.65413e-05
7.12706e-05
7.73322e-05
8.45125e-05
9.24226e-05
0.000573521
0.000531454
0.000497388
0.000471149
0.000452569
0.000441547
0.000438098
0.000438483
0.000438483
0.000438098
0.000441547
0.000452569
0.000471149
0.000497388
0.000531454
0.000573521
0.000572168
0.000525122
0.000487051
0.000457623
0.000436523
0.000423522
0.000418535
0.000418545
0.000418545
0.000418535
0.000423522
0.000436523
0.000457623
0.000487051
0.000525122
0.000572168
0.000571299
0.000518922
0.000476654
0.000443957
0.000420327
0.000405376
0.000398898
0.000398552
0.000398552
0.000398898
0.000405376
0.000420327
0.000443957
0.000476654
0.000518922
0.000571299
0.000571
0.000512886
0.000466203
0.000430145
0.000403973
0.000387105
0.000379187
0.000378505
0.000378505
0.000379187
0.000387105
0.000403973
0.000430145
0.000466203
0.000512886
0.000571
0.000571372
0.000507048
0.0004557
0.000416179
0.000387454
0.000368705
0.000359401
0.000358404
0.000358404
0.000359401
0.000368705
0.000387454
0.000416179
0.0004557
0.000507048
0.000571372
0.000572527
0.000501446
0.000445148
0.000402052
0.00037076
0.000350168
0.000339537
0.00033825
0.00033825
0.000339537
0.000350168
0.00037076
0.000402052
0.000445148
0.000501446
0.000572527
0.000574588
0.000496113
0.000434544
0.000387747
0.000353878
0.00033149
0.000319594
0.00031757
0.00031757
0.000319594
0.00033149
0.000353878
0.000387747
0.000434544
0.000496113
0.000574588
0.000577677
0.000491077
0.000423876
0.000373244
0.000336791
0.000312658
0.00029957
0.000296687
0.000296687
0.00029957
0.000312658
0.000336791
0.000373244
0.000423876
0.000491077
0.000577677
0.000581903
0.000486346
0.000413114
0.00035851
0.000319475
0.000293662
0.000279461
0.000275796
0.000275796
0.000279461
0.000293662
0.000319475
0.00035851
0.000413114
0.000486346
0.000581903
0.000587312
0.000481883
0.000402202
0.000343494
0.000301896
0.000274485
0.000259261
0.000254901
0.000254901
0.000259261
0.000274485
0.000301896
0.000343494
0.000402202
0.000481883
0.000587312
0.000477164
0.000477567
0.000391032
0.000328118
0.000284005
0.000255102
0.000238966
0.000234
0.000234
0.000238966
0.000255102
0.000284005
0.000328118
0.000391032
0.000477567
0.000477164
0.000364833
0.000373185
0.0003794
0.000312254
0.000265733
0.000235483
0.000218565
0.000213097
0.000213097
0.000218565
0.000235483
0.000265733
0.000312254
0.0003794
0.000373185
0.000364833
0.000271989
0.000272379
0.000274812
0.000279878
0.000246972
0.000215581
0.000198049
0.000192193
0.000192193
0.000198049
0.000215581
0.000246972
0.000279878
0.000274812
0.000272379
0.000271989
0.000196912
0.000192347
0.000189032
0.000187501
0.00018791
0.000189902
0.0001774
0.000171291
0.000171291
0.0001774
0.000189902
0.00018791
0.000187501
0.000189032
0.000192347
0.000196912
0.000137721
0.000130587
0.000124313
0.000119367
0.000115977
0.000114087
0.000113366
0.000113341
0.000113341
0.000113366
0.000114087
0.000115977
0.000119367
0.000124313
0.000130587
0.000137721
9.24226e-05
8.45125e-05
7.73322e-05
7.12706e-05
6.65413e-05
6.31914e-05
6.11332e-05
6.02124e-05
6.02124e-05
6.11332e-05
6.31914e-05
6.65413e-05
7.12706e-05
7.73322e-05
8.45125e-05
9.24226e-05
)
;

boundaryField
{
    walls
    {
        type            zeroGradient;
    }
    cylinder
    {
        type            zeroGradient;
    }
    outlet
    {
        type            zeroGradient;
    }
    inlet
    {
        type            zeroGradient;
    }
    frontAndBack
    {
        type            empty;
    }
}


// ************************************************************************* //
