/*--------------------------------*- C++ -*----------------------------------*\
| =========                 |                                                 |
| \\      /  F ield         | OpenFOAM: The Open Source CFD Toolbox           |
|  \\    /   O peration     | Version:  2212                                  |
|   \\  /    A nd           | Website:  www.openfoam.com                      |
|    \\/     M anipulation  |                                                 |
\*---------------------------------------------------------------------------*/
FoamFile
{
    version     2.0;
    format      ascii;
    arch        "LSB;label=32;scalar=64";
    note        "nPoints:2176  nCells:1024  nFaces:4160  nInternalFaces:1984";
    class       labelList;
    location    "constant/polyMesh";
    object      neighbour;
}
// * * * * * * * * * * * * * * * * * * * * * * * * * * * * * * * * * * * * * //


1984
(
1
16
783
2
17
3
18
4
19
5
20
6
21
7
22
8
23
9
24
10
25
11
26
12
27
13
28
14
29
15
30
31
256
17
32
799
18
33
19
34
20
35
21
36
22
37
23
38
24
39
25
40
26
41
27
42
28
43
29
44
30
45
31
46
47
272
33
48
815
34
49
35
50
36
51
37
52
38
53
39
54
40
55
41
56
42
57
43
58
44
59
45
60
46
61
47
62
63
288
49
64
831
50
65
51
66
52
67
53
68
54
69
55
70
56
71
57
72
58
73
59
74
60
75
61
76
62
77
63
78
79
304
65
80
847
66
81
67
82
68
83
69
84
70
85
71
86
72
87
73
88
74
89
75
90
76
91
77
92
78
93
79
94
95
320
81
96
863
82
97
83
98
84
99
85
100
86
101
87
102
88
103
89
104
90
105
91
106
92
107
93
108
94
109
95
110
111
336
97
112
879
98
113
99
114
100
115
101
116
102
117
103
118
104
119
105
120
106
121
107
122
108
123
109
124
110
125
111
126
127
352
113
128
895
114
129
115
130
116
131
117
132
118
133
119
134
120
135
121
136
122
137
123
138
124
139
125
140
126
141
127
142
143
368
129
144
911
130
145
131
146
132
147
133
148
134
149
135
150
136
151
137
152
138
153
139
154
140
155
141
156
142
157
143
158
159
384
145
160
927
146
161
147
162
148
163
149
164
150
165
151
166
152
167
153
168
154
169
155
170
156
171
157
172
158
173
159
174
175
400
161
176
943
162
177
163
178
164
179
165
180
166
181
167
182
168
183
169
184
170
185
171
186
172
187
173
188
174
189
175
190
191
416
177
192
959
178
193
179
194
180
195
181
196
182
197
183
198
184
199
185
200
186
201
187
202
188
203
189
204
190
205
191
206
207
432
193
208
975
194
209
195
210
196
211
197
212
198
213
199
214
200
215
201
216
202
217
203
218
204
219
205
220
206
221
207
222
223
448
209
224
991
210
225
211
226
212
227
213
228
214
229
215
230
216
231
217
232
218
233
219
234
220
235
221
236
222
237
223
238
239
464
225
240
1007
226
241
227
242
228
243
229
244
230
245
231
246
232
247
233
248
234
249
235
250
236
251
237
252
238
253
239
254
255
480
241
1023
242
243
244
245
246
247
248
249
250
251
252
253
254
255
496
257
272
258
273
259
274
260
275
261
276
262
277
263
278
264
279
265
280
266
281
267
282
268
283
269
284
270
285
271
286
287
512
273
288
274
289
275
290
276
291
277
292
278
293
279
294
280
295
281
296
282
297
283
298
284
299
285
300
286
301
287
302
303
528
289
304
290
305
291
306
292
307
293
308
294
309
295
310
296
311
297
312
298
313
299
314
300
315
301
316
302
317
303
318
319
544
305
320
306
321
307
322
308
323
309
324
310
325
311
326
312
327
313
328
314
329
315
330
316
331
317
332
318
333
319
334
335
560
321
336
322
337
323
338
324
339
325
340
326
341
327
342
328
343
329
344
330
345
331
346
332
347
333
348
334
349
335
350
351
576
337
352
338
353
339
354
340
355
341
356
342
357
343
358
344
359
345
360
346
361
347
362
348
363
349
364
350
365
351
366
367
592
353
368
354
369
355
370
356
371
357
372
358
373
359
374
360
375
361
376
362
377
363
378
364
379
365
380
366
381
367
382
383
608
369
384
370
385
371
386
372
387
373
388
374
389
375
390
376
391
377
392
378
393
379
394
380
395
381
396
382
397
383
398
399
624
385
400
386
401
387
402
388
403
389
404
390
405
391
406
392
407
393
408
394
409
395
410
396
411
397
412
398
413
399
414
415
640
401
416
402
417
403
418
404
419
405
420
406
421
407
422
408
423
409
424
410
425
411
426
412
427
413
428
414
429
415
430
431
656
417
432
418
433
419
434
420
435
421
436
422
437
423
438
424
439
425
440
426
441
427
442
428
443
429
444
430
445
431
446
447
672
433
448
434
449
435
450
436
451
437
452
438
453
439
454
440
455
441
456
442
457
443
458
444
459
445
460
446
461
447
462
463
688
449
464
450
465
451
466
452
467
453
468
454
469
455
470
456
471
457
472
458
473
459
474
460
475
461
476
462
477
463
478
479
704
465
480
466
481
467
482
468
483
469
484
470
485
471
486
472
487
473
488
474
489
475
490
476
491
477
492
478
493
479
494
495
720
481
496
482
497
483
498
484
499
485
500
486
501
487
502
488
503
489
504
490
505
491
506
492
507
493
508
494
509
495
510
511
736
497
498
499
500
501
502
503
504
505
506
507
508
509
510
511
752
513
528
514
529
515
530
516
531
517
532
518
533
519
534
520
535
521
536
522
537
523
538
524
539
525
540
526
541
527
542
543
768
529
544
530
545
531
546
532
547
533
548
534
549
535
550
536
551
537
552
538
553
539
554
540
555
541
556
542
557
543
558
559
784
545
560
546
561
547
562
548
563
549
564
550
565
551
566
552
567
553
568
554
569
555
570
556
571
557
572
558
573
559
574
575
800
561
576
562
577
563
578
564
579
565
580
566
581
567
582
568
583
569
584
570
585
571
586
572
587
573
588
574
589
575
590
591
816
577
592
578
593
579
594
580
595
581
596
582
597
583
598
584
599
585
600
586
601
587
602
588
603
589
604
590
605
591
606
607
832
593
608
594
609
595
610
596
611
597
612
598
613
599
614
600
615
601
616
602
617
603
618
604
619
605
620
606
621
607
622
623
848
609
624
610
625
611
626
612
627
613
628
614
629
615
630
616
631
617
632
618
633
619
634
620
635
621
636
622
637
623
638
639
864
625
640
626
641
627
642
628
643
629
644
630
645
631
646
632
647
633
648
634
649
635
650
636
651
637
652
638
653
639
654
655
880
641
656
642
657
643
658
644
659
645
660
646
661
647
662
648
663
649
664
650
665
651
666
652
667
653
668
654
669
655
670
671
896
657
672
658
673
659
674
660
675
661
676
662
677
663
678
664
679
665
680
666
681
667
682
668
683
669
684
670
685
671
686
687
912
673
688
674
689
675
690
676
691
677
692
678
693
679
694
680
695
681
696
682
697
683
698
684
699
685
700
686
701
687
702
703
928
689
704
690
705
691
706
692
707
693
708
694
709
695
710
696
711
697
712
698
713
699
714
700
715
701
716
702
717
703
718
719
944
705
720
706
721
707
722
708
723
709
724
710
725
711
726
712
727
713
728
714
729
715
730
716
731
717
732
718
733
719
734
735
960
721
736
722
737
723
738
724
739
725
740
726
741
727
742
728
743
729
744
730
745
731
746
732
747
733
748
734
749
735
750
751
976
737
752
738
753
739
754
740
755
741
756
742
757
743
758
744
759
745
760
746
761
747
762
748
763
749
764
750
765
751
766
767
992
753
754
755
756
757
758
759
760
761
762
763
764
765
766
767
1008
769
784
770
785
771
786
772
787
773
788
774
789
775
790
776
791
777
792
778
793
779
794
780
795
781
796
782
797
783
798
799
785
800
786
801
787
802
788
803
789
804
790
805
791
806
792
807
793
808
794
809
795
810
796
811
797
812
798
813
799
814
815
801
816
802
817
803
818
804
819
805
820
806
821
807
822
808
823
809
824
810
825
811
826
812
827
813
828
814
829
815
830
831
817
832
818
833
819
834
820
835
821
836
822
837
823
838
824
839
825
840
826
841
827
842
828
843
829
844
830
845
831
846
847
833
848
834
849
835
850
836
851
837
852
838
853
839
854
840
855
841
856
842
857
843
858
844
859
845
860
846
861
847
862
863
849
864
850
865
851
866
852
867
853
868
854
869
855
870
856
871
857
872
858
873
859
874
860
875
861
876
862
877
863
878
879
865
880
866
881
867
882
868
883
869
884
870
885
871
886
872
887
873
888
874
889
875
890
876
891
877
892
878
893
879
894
895
881
896
882
897
883
898
884
899
885
900
886
901
887
902
888
903
889
904
890
905
891
906
892
907
893
908
894
909
895
910
911
897
912
898
913
899
914
900
915
901
916
902
917
903
918
904
919
905
920
906
921
907
922
908
923
909
924
910
925
911
926
927
913
928
914
929
915
930
916
931
917
932
918
933
919
934
920
935
921
936
922
937
923
938
924
939
925
940
926
941
927
942
943
929
944
930
945
931
946
932
947
933
948
934
949
935
950
936
951
937
952
938
953
939
954
940
955
941
956
942
957
943
958
959
945
960
946
961
947
962
948
963
949
964
950
965
951
966
952
967
953
968
954
969
955
970
956
971
957
972
958
973
959
974
975
961
976
962
977
963
978
964
979
965
980
966
981
967
982
968
983
969
984
970
985
971
986
972
987
973
988
974
989
975
990
991
977
992
978
993
979
994
980
995
981
996
982
997
983
998
984
999
985
1000
986
1001
987
1002
988
1003
989
1004
990
1005
991
1006
1007
993
1008
994
1009
995
1010
996
1011
997
1012
998
1013
999
1014
1000
1015
1001
1016
1002
1017
1003
1018
1004
1019
1005
1020
1006
1021
1007
1022
1023
1009
1010
1011
1012
1013
1014
1015
1016
1017
1018
1019
1020
1021
1022
1023
)


// ************************************************************************* //
