/*--------------------------------*- C++ -*----------------------------------*\
| =========                 |                                                 |
| \\      /  F ield         | OpenFOAM: The Open Source CFD Toolbox           |
|  \\    /   O peration     | Version:  2212                                  |
|   \\  /    A nd           | Website:  www.openfoam.com                      |
|    \\/     M anipulation  |                                                 |
\*---------------------------------------------------------------------------*/
FoamFile
{
    version     2.0;
    format      ascii;
    arch        "LSB;label=32;scalar=64";
    note        "nPoints:2176  nCells:1024  nFaces:4160  nInternalFaces:1984";
    class       labelList;
    location    "constant/polyMesh";
    object      owner;
}
// * * * * * * * * * * * * * * * * * * * * * * * * * * * * * * * * * * * * * //


4160
(
0
0
0
1
1
2
2
3
3
4
4
5
5
6
6
7
7
8
8
9
9
10
10
11
11
12
12
13
13
14
14
15
15
16
16
16
17
17
18
18
19
19
20
20
21
21
22
22
23
23
24
24
25
25
26
26
27
27
28
28
29
29
30
30
31
31
32
32
32
33
33
34
34
35
35
36
36
37
37
38
38
39
39
40
40
41
41
42
42
43
43
44
44
45
45
46
46
47
47
48
48
48
49
49
50
50
51
51
52
52
53
53
54
54
55
55
56
56
57
57
58
58
59
59
60
60
61
61
62
62
63
63
64
64
64
65
65
66
66
67
67
68
68
69
69
70
70
71
71
72
72
73
73
74
74
75
75
76
76
77
77
78
78
79
79
80
80
80
81
81
82
82
83
83
84
84
85
85
86
86
87
87
88
88
89
89
90
90
91
91
92
92
93
93
94
94
95
95
96
96
96
97
97
98
98
99
99
100
100
101
101
102
102
103
103
104
104
105
105
106
106
107
107
108
108
109
109
110
110
111
111
112
112
112
113
113
114
114
115
115
116
116
117
117
118
118
119
119
120
120
121
121
122
122
123
123
124
124
125
125
126
126
127
127
128
128
128
129
129
130
130
131
131
132
132
133
133
134
134
135
135
136
136
137
137
138
138
139
139
140
140
141
141
142
142
143
143
144
144
144
145
145
146
146
147
147
148
148
149
149
150
150
151
151
152
152
153
153
154
154
155
155
156
156
157
157
158
158
159
159
160
160
160
161
161
162
162
163
163
164
164
165
165
166
166
167
167
168
168
169
169
170
170
171
171
172
172
173
173
174
174
175
175
176
176
176
177
177
178
178
179
179
180
180
181
181
182
182
183
183
184
184
185
185
186
186
187
187
188
188
189
189
190
190
191
191
192
192
192
193
193
194
194
195
195
196
196
197
197
198
198
199
199
200
200
201
201
202
202
203
203
204
204
205
205
206
206
207
207
208
208
208
209
209
210
210
211
211
212
212
213
213
214
214
215
215
216
216
217
217
218
218
219
219
220
220
221
221
222
222
223
223
224
224
224
225
225
226
226
227
227
228
228
229
229
230
230
231
231
232
232
233
233
234
234
235
235
236
236
237
237
238
238
239
239
240
240
241
242
243
244
245
246
247
248
249
250
251
252
253
254
255
256
256
257
257
258
258
259
259
260
260
261
261
262
262
263
263
264
264
265
265
266
266
267
267
268
268
269
269
270
270
271
271
272
272
273
273
274
274
275
275
276
276
277
277
278
278
279
279
280
280
281
281
282
282
283
283
284
284
285
285
286
286
287
287
288
288
289
289
290
290
291
291
292
292
293
293
294
294
295
295
296
296
297
297
298
298
299
299
300
300
301
301
302
302
303
303
304
304
305
305
306
306
307
307
308
308
309
309
310
310
311
311
312
312
313
313
314
314
315
315
316
316
317
317
318
318
319
319
320
320
321
321
322
322
323
323
324
324
325
325
326
326
327
327
328
328
329
329
330
330
331
331
332
332
333
333
334
334
335
335
336
336
337
337
338
338
339
339
340
340
341
341
342
342
343
343
344
344
345
345
346
346
347
347
348
348
349
349
350
350
351
351
352
352
353
353
354
354
355
355
356
356
357
357
358
358
359
359
360
360
361
361
362
362
363
363
364
364
365
365
366
366
367
367
368
368
369
369
370
370
371
371
372
372
373
373
374
374
375
375
376
376
377
377
378
378
379
379
380
380
381
381
382
382
383
383
384
384
385
385
386
386
387
387
388
388
389
389
390
390
391
391
392
392
393
393
394
394
395
395
396
396
397
397
398
398
399
399
400
400
401
401
402
402
403
403
404
404
405
405
406
406
407
407
408
408
409
409
410
410
411
411
412
412
413
413
414
414
415
415
416
416
417
417
418
418
419
419
420
420
421
421
422
422
423
423
424
424
425
425
426
426
427
427
428
428
429
429
430
430
431
431
432
432
433
433
434
434
435
435
436
436
437
437
438
438
439
439
440
440
441
441
442
442
443
443
444
444
445
445
446
446
447
447
448
448
449
449
450
450
451
451
452
452
453
453
454
454
455
455
456
456
457
457
458
458
459
459
460
460
461
461
462
462
463
463
464
464
465
465
466
466
467
467
468
468
469
469
470
470
471
471
472
472
473
473
474
474
475
475
476
476
477
477
478
478
479
479
480
480
481
481
482
482
483
483
484
484
485
485
486
486
487
487
488
488
489
489
490
490
491
491
492
492
493
493
494
494
495
495
496
497
498
499
500
501
502
503
504
505
506
507
508
509
510
511
512
512
513
513
514
514
515
515
516
516
517
517
518
518
519
519
520
520
521
521
522
522
523
523
524
524
525
525
526
526
527
527
528
528
529
529
530
530
531
531
532
532
533
533
534
534
535
535
536
536
537
537
538
538
539
539
540
540
541
541
542
542
543
543
544
544
545
545
546
546
547
547
548
548
549
549
550
550
551
551
552
552
553
553
554
554
555
555
556
556
557
557
558
558
559
559
560
560
561
561
562
562
563
563
564
564
565
565
566
566
567
567
568
568
569
569
570
570
571
571
572
572
573
573
574
574
575
575
576
576
577
577
578
578
579
579
580
580
581
581
582
582
583
583
584
584
585
585
586
586
587
587
588
588
589
589
590
590
591
591
592
592
593
593
594
594
595
595
596
596
597
597
598
598
599
599
600
600
601
601
602
602
603
603
604
604
605
605
606
606
607
607
608
608
609
609
610
610
611
611
612
612
613
613
614
614
615
615
616
616
617
617
618
618
619
619
620
620
621
621
622
622
623
623
624
624
625
625
626
626
627
627
628
628
629
629
630
630
631
631
632
632
633
633
634
634
635
635
636
636
637
637
638
638
639
639
640
640
641
641
642
642
643
643
644
644
645
645
646
646
647
647
648
648
649
649
650
650
651
651
652
652
653
653
654
654
655
655
656
656
657
657
658
658
659
659
660
660
661
661
662
662
663
663
664
664
665
665
666
666
667
667
668
668
669
669
670
670
671
671
672
672
673
673
674
674
675
675
676
676
677
677
678
678
679
679
680
680
681
681
682
682
683
683
684
684
685
685
686
686
687
687
688
688
689
689
690
690
691
691
692
692
693
693
694
694
695
695
696
696
697
697
698
698
699
699
700
700
701
701
702
702
703
703
704
704
705
705
706
706
707
707
708
708
709
709
710
710
711
711
712
712
713
713
714
714
715
715
716
716
717
717
718
718
719
719
720
720
721
721
722
722
723
723
724
724
725
725
726
726
727
727
728
728
729
729
730
730
731
731
732
732
733
733
734
734
735
735
736
736
737
737
738
738
739
739
740
740
741
741
742
742
743
743
744
744
745
745
746
746
747
747
748
748
749
749
750
750
751
751
752
753
754
755
756
757
758
759
760
761
762
763
764
765
766
767
768
768
769
769
770
770
771
771
772
772
773
773
774
774
775
775
776
776
777
777
778
778
779
779
780
780
781
781
782
782
783
784
784
785
785
786
786
787
787
788
788
789
789
790
790
791
791
792
792
793
793
794
794
795
795
796
796
797
797
798
798
799
800
800
801
801
802
802
803
803
804
804
805
805
806
806
807
807
808
808
809
809
810
810
811
811
812
812
813
813
814
814
815
816
816
817
817
818
818
819
819
820
820
821
821
822
822
823
823
824
824
825
825
826
826
827
827
828
828
829
829
830
830
831
832
832
833
833
834
834
835
835
836
836
837
837
838
838
839
839
840
840
841
841
842
842
843
843
844
844
845
845
846
846
847
848
848
849
849
850
850
851
851
852
852
853
853
854
854
855
855
856
856
857
857
858
858
859
859
860
860
861
861
862
862
863
864
864
865
865
866
866
867
867
868
868
869
869
870
870
871
871
872
872
873
873
874
874
875
875
876
876
877
877
878
878
879
880
880
881
881
882
882
883
883
884
884
885
885
886
886
887
887
888
888
889
889
890
890
891
891
892
892
893
893
894
894
895
896
896
897
897
898
898
899
899
900
900
901
901
902
902
903
903
904
904
905
905
906
906
907
907
908
908
909
909
910
910
911
912
912
913
913
914
914
915
915
916
916
917
917
918
918
919
919
920
920
921
921
922
922
923
923
924
924
925
925
926
926
927
928
928
929
929
930
930
931
931
932
932
933
933
934
934
935
935
936
936
937
937
938
938
939
939
940
940
941
941
942
942
943
944
944
945
945
946
946
947
947
948
948
949
949
950
950
951
951
952
952
953
953
954
954
955
955
956
956
957
957
958
958
959
960
960
961
961
962
962
963
963
964
964
965
965
966
966
967
967
968
968
969
969
970
970
971
971
972
972
973
973
974
974
975
976
976
977
977
978
978
979
979
980
980
981
981
982
982
983
983
984
984
985
985
986
986
987
987
988
988
989
989
990
990
991
992
992
993
993
994
994
995
995
996
996
997
997
998
998
999
999
1000
1000
1001
1001
1002
1002
1003
1003
1004
1004
1005
1005
1006
1006
1007
1008
1009
1010
1011
1012
1013
1014
1015
1016
1017
1018
1019
1020
1021
1022
0
1
2
3
4
5
6
7
8
9
10
11
12
13
14
15
512
513
514
515
516
517
518
519
520
521
522
523
524
525
526
527
240
241
242
243
244
245
246
247
248
249
250
251
252
253
254
255
496
497
498
499
500
501
502
503
504
505
506
507
508
509
510
511
752
753
754
755
756
757
758
759
760
761
762
763
764
765
766
767
1008
1009
1010
1011
1012
1013
1014
1015
1016
1017
1018
1019
1020
1021
1022
1023
256
257
258
259
260
261
262
263
264
265
266
267
268
269
270
271
768
769
770
771
772
773
774
775
776
777
778
779
780
781
782
783
0
16
32
48
64
80
96
112
128
144
160
176
192
208
224
240
1
17
33
49
65
81
97
113
129
145
161
177
193
209
225
241
2
18
34
50
66
82
98
114
130
146
162
178
194
210
226
242
3
19
35
51
67
83
99
115
131
147
163
179
195
211
227
243
4
20
36
52
68
84
100
116
132
148
164
180
196
212
228
244
5
21
37
53
69
85
101
117
133
149
165
181
197
213
229
245
6
22
38
54
70
86
102
118
134
150
166
182
198
214
230
246
7
23
39
55
71
87
103
119
135
151
167
183
199
215
231
247
8
24
40
56
72
88
104
120
136
152
168
184
200
216
232
248
9
25
41
57
73
89
105
121
137
153
169
185
201
217
233
249
10
26
42
58
74
90
106
122
138
154
170
186
202
218
234
250
11
27
43
59
75
91
107
123
139
155
171
187
203
219
235
251
12
28
44
60
76
92
108
124
140
156
172
188
204
220
236
252
13
29
45
61
77
93
109
125
141
157
173
189
205
221
237
253
14
30
46
62
78
94
110
126
142
158
174
190
206
222
238
254
15
31
47
63
79
95
111
127
143
159
175
191
207
223
239
255
0
16
32
48
64
80
96
112
128
144
160
176
192
208
224
240
1
17
33
49
65
81
97
113
129
145
161
177
193
209
225
241
2
18
34
50
66
82
98
114
130
146
162
178
194
210
226
242
3
19
35
51
67
83
99
115
131
147
163
179
195
211
227
243
4
20
36
52
68
84
100
116
132
148
164
180
196
212
228
244
5
21
37
53
69
85
101
117
133
149
165
181
197
213
229
245
6
22
38
54
70
86
102
118
134
150
166
182
198
214
230
246
7
23
39
55
71
87
103
119
135
151
167
183
199
215
231
247
8
24
40
56
72
88
104
120
136
152
168
184
200
216
232
248
9
25
41
57
73
89
105
121
137
153
169
185
201
217
233
249
10
26
42
58
74
90
106
122
138
154
170
186
202
218
234
250
11
27
43
59
75
91
107
123
139
155
171
187
203
219
235
251
12
28
44
60
76
92
108
124
140
156
172
188
204
220
236
252
13
29
45
61
77
93
109
125
141
157
173
189
205
221
237
253
14
30
46
62
78
94
110
126
142
158
174
190
206
222
238
254
15
31
47
63
79
95
111
127
143
159
175
191
207
223
239
255
256
272
288
304
320
336
352
368
384
400
416
432
448
464
480
496
257
273
289
305
321
337
353
369
385
401
417
433
449
465
481
497
258
274
290
306
322
338
354
370
386
402
418
434
450
466
482
498
259
275
291
307
323
339
355
371
387
403
419
435
451
467
483
499
260
276
292
308
324
340
356
372
388
404
420
436
452
468
484
500
261
277
293
309
325
341
357
373
389
405
421
437
453
469
485
501
262
278
294
310
326
342
358
374
390
406
422
438
454
470
486
502
263
279
295
311
327
343
359
375
391
407
423
439
455
471
487
503
264
280
296
312
328
344
360
376
392
408
424
440
456
472
488
504
265
281
297
313
329
345
361
377
393
409
425
441
457
473
489
505
266
282
298
314
330
346
362
378
394
410
426
442
458
474
490
506
267
283
299
315
331
347
363
379
395
411
427
443
459
475
491
507
268
284
300
316
332
348
364
380
396
412
428
444
460
476
492
508
269
285
301
317
333
349
365
381
397
413
429
445
461
477
493
509
270
286
302
318
334
350
366
382
398
414
430
446
462
478
494
510
271
287
303
319
335
351
367
383
399
415
431
447
463
479
495
511
256
272
288
304
320
336
352
368
384
400
416
432
448
464
480
496
257
273
289
305
321
337
353
369
385
401
417
433
449
465
481
497
258
274
290
306
322
338
354
370
386
402
418
434
450
466
482
498
259
275
291
307
323
339
355
371
387
403
419
435
451
467
483
499
260
276
292
308
324
340
356
372
388
404
420
436
452
468
484
500
261
277
293
309
325
341
357
373
389
405
421
437
453
469
485
501
262
278
294
310
326
342
358
374
390
406
422
438
454
470
486
502
263
279
295
311
327
343
359
375
391
407
423
439
455
471
487
503
264
280
296
312
328
344
360
376
392
408
424
440
456
472
488
504
265
281
297
313
329
345
361
377
393
409
425
441
457
473
489
505
266
282
298
314
330
346
362
378
394
410
426
442
458
474
490
506
267
283
299
315
331
347
363
379
395
411
427
443
459
475
491
507
268
284
300
316
332
348
364
380
396
412
428
444
460
476
492
508
269
285
301
317
333
349
365
381
397
413
429
445
461
477
493
509
270
286
302
318
334
350
366
382
398
414
430
446
462
478
494
510
271
287
303
319
335
351
367
383
399
415
431
447
463
479
495
511
512
528
544
560
576
592
608
624
640
656
672
688
704
720
736
752
513
529
545
561
577
593
609
625
641
657
673
689
705
721
737
753
514
530
546
562
578
594
610
626
642
658
674
690
706
722
738
754
515
531
547
563
579
595
611
627
643
659
675
691
707
723
739
755
516
532
548
564
580
596
612
628
644
660
676
692
708
724
740
756
517
533
549
565
581
597
613
629
645
661
677
693
709
725
741
757
518
534
550
566
582
598
614
630
646
662
678
694
710
726
742
758
519
535
551
567
583
599
615
631
647
663
679
695
711
727
743
759
520
536
552
568
584
600
616
632
648
664
680
696
712
728
744
760
521
537
553
569
585
601
617
633
649
665
681
697
713
729
745
761
522
538
554
570
586
602
618
634
650
666
682
698
714
730
746
762
523
539
555
571
587
603
619
635
651
667
683
699
715
731
747
763
524
540
556
572
588
604
620
636
652
668
684
700
716
732
748
764
525
541
557
573
589
605
621
637
653
669
685
701
717
733
749
765
526
542
558
574
590
606
622
638
654
670
686
702
718
734
750
766
527
543
559
575
591
607
623
639
655
671
687
703
719
735
751
767
512
528
544
560
576
592
608
624
640
656
672
688
704
720
736
752
513
529
545
561
577
593
609
625
641
657
673
689
705
721
737
753
514
530
546
562
578
594
610
626
642
658
674
690
706
722
738
754
515
531
547
563
579
595
611
627
643
659
675
691
707
723
739
755
516
532
548
564
580
596
612
628
644
660
676
692
708
724
740
756
517
533
549
565
581
597
613
629
645
661
677
693
709
725
741
757
518
534
550
566
582
598
614
630
646
662
678
694
710
726
742
758
519
535
551
567
583
599
615
631
647
663
679
695
711
727
743
759
520
536
552
568
584
600
616
632
648
664
680
696
712
728
744
760
521
537
553
569
585
601
617
633
649
665
681
697
713
729
745
761
522
538
554
570
586
602
618
634
650
666
682
698
714
730
746
762
523
539
555
571
587
603
619
635
651
667
683
699
715
731
747
763
524
540
556
572
588
604
620
636
652
668
684
700
716
732
748
764
525
541
557
573
589
605
621
637
653
669
685
701
717
733
749
765
526
542
558
574
590
606
622
638
654
670
686
702
718
734
750
766
527
543
559
575
591
607
623
639
655
671
687
703
719
735
751
767
768
784
800
816
832
848
864
880
896
912
928
944
960
976
992
1008
769
785
801
817
833
849
865
881
897
913
929
945
961
977
993
1009
770
786
802
818
834
850
866
882
898
914
930
946
962
978
994
1010
771
787
803
819
835
851
867
883
899
915
931
947
963
979
995
1011
772
788
804
820
836
852
868
884
900
916
932
948
964
980
996
1012
773
789
805
821
837
853
869
885
901
917
933
949
965
981
997
1013
774
790
806
822
838
854
870
886
902
918
934
950
966
982
998
1014
775
791
807
823
839
855
871
887
903
919
935
951
967
983
999
1015
776
792
808
824
840
856
872
888
904
920
936
952
968
984
1000
1016
777
793
809
825
841
857
873
889
905
921
937
953
969
985
1001
1017
778
794
810
826
842
858
874
890
906
922
938
954
970
986
1002
1018
779
795
811
827
843
859
875
891
907
923
939
955
971
987
1003
1019
780
796
812
828
844
860
876
892
908
924
940
956
972
988
1004
1020
781
797
813
829
845
861
877
893
909
925
941
957
973
989
1005
1021
782
798
814
830
846
862
878
894
910
926
942
958
974
990
1006
1022
783
799
815
831
847
863
879
895
911
927
943
959
975
991
1007
1023
768
784
800
816
832
848
864
880
896
912
928
944
960
976
992
1008
769
785
801
817
833
849
865
881
897
913
929
945
961
977
993
1009
770
786
802
818
834
850
866
882
898
914
930
946
962
978
994
1010
771
787
803
819
835
851
867
883
899
915
931
947
963
979
995
1011
772
788
804
820
836
852
868
884
900
916
932
948
964
980
996
1012
773
789
805
821
837
853
869
885
901
917
933
949
965
981
997
1013
774
790
806
822
838
854
870
886
902
918
934
950
966
982
998
1014
775
791
807
823
839
855
871
887
903
919
935
951
967
983
999
1015
776
792
808
824
840
856
872
888
904
920
936
952
968
984
1000
1016
777
793
809
825
841
857
873
889
905
921
937
953
969
985
1001
1017
778
794
810
826
842
858
874
890
906
922
938
954
970
986
1002
1018
779
795
811
827
843
859
875
891
907
923
939
955
971
987
1003
1019
780
796
812
828
844
860
876
892
908
924
940
956
972
988
1004
1020
781
797
813
829
845
861
877
893
909
925
941
957
973
989
1005
1021
782
798
814
830
846
862
878
894
910
926
942
958
974
990
1006
1022
783
799
815
831
847
863
879
895
911
927
943
959
975
991
1007
1023
)


// ************************************************************************* //
