/*--------------------------------*- C++ -*----------------------------------*\
| =========                 |                                                 |
| \\      /  F ield         | OpenFOAM: The Open Source CFD Toolbox           |
|  \\    /   O peration     | Version:  2212                                  |
|   \\  /    A nd           | Website:  www.openfoam.com                      |
|    \\/     M anipulation  |                                                 |
\*---------------------------------------------------------------------------*/
FoamFile
{
    version     2.0;
    format      ascii;
    arch        "LSB;label=32;scalar=64";
    class       vectorField;
    location    "constant/polyMesh";
    object      points;
}
// * * * * * * * * * * * * * * * * * * * * * * * * * * * * * * * * * * * * * //


2176
(
(-3 -3 0)
(-2.625 -3 0)
(-2.25 -3 0)
(-1.875 -3 0)
(-1.5 -3 0)
(-1.125 -3 0)
(-0.75 -3 0)
(-0.375 -3 0)
(0 -3 0)
(0.375 -3 0)
(0.75 -3 0)
(1.125 -3 0)
(1.5 -3 0)
(1.875 -3 0)
(2.25 -3 0)
(2.625 -3 0)
(3 -3 0)
(-2.856694174 -2.856694174 0)
(-2.50058708 -2.860813153 0)
(-2.14409814 -2.864466851 0)
(-1.787274796 -2.867620079 0)
(-1.430167715 -2.870242471 0)
(-1.072830292 -2.872308771 0)
(-0.7153181451 -2.87379908 0)
(-0.3576885713 -2.874699045 0)
(-6.938893904e-18 -2.875 0)
(0.3576885713 -2.874699045 0)
(0.7153181451 -2.87379908 0)
(1.072830292 -2.872308771 0)
(1.430167715 -2.870242471 0)
(1.787274796 -2.867620079 0)
(2.14409814 -2.864466851 0)
(2.50058708 -2.860813153 0)
(2.856694174 -2.856694174 0)
(-2.713388348 -2.713388348 0)
(-2.376174161 -2.721626307 0)
(-2.038196279 -2.728933702 0)
(-1.699549592 -2.735240158 0)
(-1.360335429 -2.740484942 0)
(-1.020660585 -2.744617542 0)
(-0.6806362903 -2.74759816 0)
(-0.3403771425 -2.749398091 0)
(-1.387778781e-17 -2.75 0)
(0.3403771425 -2.749398091 0)
(0.6806362903 -2.74759816 0)
(1.020660585 -2.744617542 0)
(1.360335429 -2.740484942 0)
(1.699549592 -2.735240158 0)
(2.038196279 -2.728933702 0)
(2.376174161 -2.721626307 0)
(2.713388348 -2.713388348 0)
(-2.570082521 -2.570082521 0)
(-2.251761241 -2.58243946 0)
(-1.932294419 -2.593400552 0)
(-1.611824388 -2.602860237 0)
(-1.290503144 -2.610727412 0)
(-0.968490877 -2.616926313 0)
(-0.6459544354 -2.62139724 0)
(-0.3230657138 -2.624097136 0)
(-2.081668171e-17 -2.625 0)
(0.3230657138 -2.624097136 0)
(0.6459544354 -2.62139724 0)
(0.968490877 -2.616926313 0)
(1.290503144 -2.610727412 0)
(1.611824388 -2.602860237 0)
(1.932294419 -2.593400552 0)
(2.251761241 -2.58243946 0)
(2.570082521 -2.570082521 0)
(-2.426776695 -2.426776695 0)
(-2.127348321 -2.443252613 0)
(-1.826392558 -2.457867403 0)
(-1.524099184 -2.470480316 0)
(-1.220670858 -2.480969883 0)
(-0.9163211693 -2.489235084 0)
(-0.6112725805 -2.49519632 0)
(-0.3057542851 -2.498796182 0)
(-2.775557562e-17 -2.5 0)
(0.3057542851 -2.498796182 0)
(0.6112725805 -2.49519632 0)
(0.9163211693 -2.489235084 0)
(1.220670858 -2.480969883 0)
(1.524099184 -2.470480316 0)
(1.826392558 -2.457867403 0)
(2.127348321 -2.443252613 0)
(2.426776695 -2.426776695 0)
(-2.283470869 -2.283470869 0)
(-2.002935401 -2.304065767 0)
(-1.720490698 -2.322334254 0)
(-1.43637398 -2.338100395 0)
(-1.150838573 -2.351212354 0)
(-0.8641514616 -2.361543855 0)
(-0.5765907256 -2.3689954 0)
(-0.2884428564 -2.373495227 0)
(-3.469446952e-17 -2.375 0)
(0.2884428564 -2.373495227 0)
(0.5765907256 -2.3689954 0)
(0.8641514616 -2.361543855 0)
(1.150838573 -2.351212354 0)
(1.43637398 -2.338100395 0)
(1.720490698 -2.322334254 0)
(2.002935401 -2.304065767 0)
(2.283470869 -2.283470869 0)
(-2.140165043 -2.140165043 0)
(-1.878522482 -2.16487892 0)
(-1.614588837 -2.186801105 0)
(-1.348648776 -2.205720474 0)
(-1.081006287 -2.221454825 0)
(-0.811981754 -2.233852626 0)
(-0.5419088708 -2.24279448 0)
(-0.2711314276 -2.248194273 0)
(-4.163336342e-17 -2.25 0)
(0.2711314276 -2.248194273 0)
(0.5419088708 -2.24279448 0)
(0.811981754 -2.233852626 0)
(1.081006287 -2.221454825 0)
(1.348648776 -2.205720474 0)
(1.614588837 -2.186801105 0)
(1.878522482 -2.16487892 0)
(2.140165043 -2.140165043 0)
(-1.996859217 -1.996859217 0)
(-1.754109562 -2.025692073 0)
(-1.508686977 -2.051267955 0)
(-1.260923572 -2.073340553 0)
(-1.011174002 -2.091697295 0)
(-0.7598120463 -2.106161397 0)
(-0.5072270159 -2.11659356 0)
(-0.2538199989 -2.122893318 0)
(-4.857225733e-17 -2.125 0)
(0.2538199989 -2.122893318 0)
(0.5072270159 -2.11659356 0)
(0.7598120463 -2.106161397 0)
(1.011174002 -2.091697295 0)
(1.260923572 -2.073340553 0)
(1.508686977 -2.051267955 0)
(1.754109562 -2.025692073 0)
(1.996859217 -1.996859217 0)
(-1.853553391 -1.853553391 0)
(-1.629696642 -1.886505227 0)
(-1.402785117 -1.915734806 0)
(-1.173198368 -1.940960632 0)
(-0.9413417162 -1.961939766 0)
(-0.7076423386 -1.978470168 0)
(-0.472545161 -1.99039264 0)
(-0.2365085702 -1.997592363 0)
(-5.551115123e-17 -2 0)
(0.2365085702 -1.997592363 0)
(0.472545161 -1.99039264 0)
(0.7076423386 -1.978470168 0)
(0.9413417162 -1.961939766 0)
(1.173198368 -1.940960632 0)
(1.402785117 -1.915734806 0)
(1.629696642 -1.886505227 0)
(1.853553391 -1.853553391 0)
(-1.710247564 -1.710247564 0)
(-1.505283722 -1.74731838 0)
(-1.296883256 -1.780201657 0)
(-1.085473164 -1.808580711 0)
(-0.8715094307 -1.832182237 0)
(-0.655472631 -1.850778939 0)
(-0.4378633061 -1.86419172 0)
(-0.2191971414 -1.872291409 0)
(-6.245004514e-17 -1.875 0)
(0.2191971414 -1.872291409 0)
(0.4378633061 -1.86419172 0)
(0.655472631 -1.850778939 0)
(0.8715094307 -1.832182237 0)
(1.085473164 -1.808580711 0)
(1.296883256 -1.780201657 0)
(1.505283722 -1.74731838 0)
(1.710247564 -1.710247564 0)
(-1.566941738 -1.566941738 0)
(-1.380870803 -1.608131533 0)
(-1.190981396 -1.644668508 0)
(-0.9977479605 -1.67620079 0)
(-0.8016771452 -1.702424708 0)
(-0.6033029233 -1.72308771 0)
(-0.4031814513 -1.7379908 0)
(-0.2018857127 -1.746990454 0)
(-6.938893904e-17 -1.75 0)
(0.2018857127 -1.746990454 0)
(0.4031814513 -1.7379908 0)
(0.6033029233 -1.72308771 0)
(0.8016771452 -1.702424708 0)
(0.9977479605 -1.67620079 0)
(1.190981396 -1.644668508 0)
(1.380870803 -1.608131533 0)
(1.566941738 -1.566941738 0)
(-1.423635912 -1.423635912 0)
(-1.256457883 -1.468944687 0)
(-1.085079535 -1.509135358 0)
(-0.9100227566 -1.543820869 0)
(-0.7318448598 -1.572667179 0)
(-0.5511332156 -1.595396481 0)
(-0.3684995964 -1.61178988 0)
(-0.184574284 -1.6216895 0)
(-7.632783294e-17 -1.625 0)
(0.184574284 -1.6216895 0)
(0.3684995964 -1.61178988 0)
(0.5511332156 -1.595396481 0)
(0.7318448598 -1.572667179 0)
(0.9100227566 -1.543820869 0)
(1.085079535 -1.509135358 0)
(1.256457883 -1.468944687 0)
(1.423635912 -1.423635912 0)
(-1.280330086 -1.280330086 0)
(-1.132044963 -1.32975784 0)
(-0.9791776748 -1.373602209 0)
(-0.8222975526 -1.411440948 0)
(-0.6620125743 -1.442909649 0)
(-0.4989635079 -1.467705252 0)
(-0.3338177415 -1.48558896 0)
(-0.1672628552 -1.496388545 0)
(-8.326672685e-17 -1.5 0)
(0.1672628552 -1.496388545 0)
(0.3338177415 -1.48558896 0)
(0.4989635079 -1.467705252 0)
(0.6620125743 -1.442909649 0)
(0.8222975526 -1.411440948 0)
(0.9791776748 -1.373602209 0)
(1.132044963 -1.32975784 0)
(1.280330086 -1.280330086 0)
(-1.13702426 -1.13702426 0)
(-1.007632043 -1.190570993 0)
(-0.8732758143 -1.23806906 0)
(-0.7345723487 -1.279061027 0)
(-0.5921802888 -1.31315212 0)
(-0.4467938003 -1.340014023 0)
(-0.2991358866 -1.35938804 0)
(-0.1499514265 -1.37108759 0)
(-9.020562075e-17 -1.375 0)
(0.1499514265 -1.37108759 0)
(0.2991358866 -1.35938804 0)
(0.4467938003 -1.340014023 0)
(0.5921802888 -1.31315212 0)
(0.7345723487 -1.279061027 0)
(0.8732758143 -1.23806906 0)
(1.007632043 -1.190570993 0)
(1.13702426 -1.13702426 0)
(-0.9937184335 -0.9937184335 0)
(-0.8832191236 -1.051384147 0)
(-0.7673739539 -1.102535911 0)
(-0.6468471447 -1.146681106 0)
(-0.5223480033 -1.183394591 0)
(-0.3946240926 -1.212322794 0)
(-0.2644540318 -1.23318712 0)
(-0.1326399978 -1.245786636 0)
(-9.714451465e-17 -1.25 0)
(0.1326399978 -1.245786636 0)
(0.2644540318 -1.23318712 0)
(0.3946240926 -1.212322794 0)
(0.5223480033 -1.183394591 0)
(0.6468471447 -1.146681106 0)
(0.7673739539 -1.102535911 0)
(0.8832191236 -1.051384147 0)
(0.9937184335 -0.9937184335 0)
(-0.8504126074 -0.8504126074 0)
(-0.7588062039 -0.9121973 0)
(-0.6614720935 -0.9670027615 0)
(-0.5591219408 -1.014301185 0)
(-0.4525157178 -1.053637062 0)
(-0.3424543849 -1.084631565 0)
(-0.2297721769 -1.1069862 0)
(-0.1153285691 -1.120485681 0)
(-1.040834086e-16 -1.125 0)
(0.1153285691 -1.120485681 0)
(0.2297721769 -1.1069862 0)
(0.3424543849 -1.084631565 0)
(0.4525157178 -1.053637062 0)
(0.5591219408 -1.014301185 0)
(0.6614720935 -0.9670027615 0)
(0.7588062039 -0.9121973 0)
(0.8504126074 -0.8504126074 0)
(-0.7071067812 -0.7071067812 0)
(-0.6343932842 -0.7730104534 0)
(-0.555570233 -0.8314696123 0)
(-0.4713967368 -0.8819212643 0)
(-0.3826834324 -0.9238795325 0)
(-0.2902846773 -0.9569403357 0)
(-0.195090322 -0.9807852804 0)
(-0.09801714033 -0.9951847267 0)
(-1.110223025e-16 -1 0)
(0.09801714033 -0.9951847267 0)
(0.195090322 -0.9807852804 0)
(0.2902846773 -0.9569403357 0)
(0.3826834324 -0.9238795325 0)
(0.4713967368 -0.8819212643 0)
(0.555570233 -0.8314696123 0)
(0.6343932842 -0.7730104534 0)
(0.7071067812 -0.7071067812 0)
(-3 -3 1)
(-2.625 -3 1)
(-2.25 -3 1)
(-1.875 -3 1)
(-1.5 -3 1)
(-1.125 -3 1)
(-0.75 -3 1)
(-0.375 -3 1)
(0 -3 1)
(0.375 -3 1)
(0.75 -3 1)
(1.125 -3 1)
(1.5 -3 1)
(1.875 -3 1)
(2.25 -3 1)
(2.625 -3 1)
(3 -3 1)
(-2.856694174 -2.856694174 1)
(-2.50058708 -2.860813153 1)
(-2.14409814 -2.864466851 1)
(-1.787274796 -2.867620079 1)
(-1.430167715 -2.870242471 1)
(-1.072830292 -2.872308771 1)
(-0.7153181451 -2.87379908 1)
(-0.3576885713 -2.874699045 1)
(-6.938893904e-18 -2.875 1)
(0.3576885713 -2.874699045 1)
(0.7153181451 -2.87379908 1)
(1.072830292 -2.872308771 1)
(1.430167715 -2.870242471 1)
(1.787274796 -2.867620079 1)
(2.14409814 -2.864466851 1)
(2.50058708 -2.860813153 1)
(2.856694174 -2.856694174 1)
(-2.713388348 -2.713388348 1)
(-2.376174161 -2.721626307 1)
(-2.038196279 -2.728933702 1)
(-1.699549592 -2.735240158 1)
(-1.360335429 -2.740484942 1)
(-1.020660585 -2.744617542 1)
(-0.6806362903 -2.74759816 1)
(-0.3403771425 -2.749398091 1)
(-1.387778781e-17 -2.75 1)
(0.3403771425 -2.749398091 1)
(0.6806362903 -2.74759816 1)
(1.020660585 -2.744617542 1)
(1.360335429 -2.740484942 1)
(1.699549592 -2.735240158 1)
(2.038196279 -2.728933702 1)
(2.376174161 -2.721626307 1)
(2.713388348 -2.713388348 1)
(-2.570082521 -2.570082521 1)
(-2.251761241 -2.58243946 1)
(-1.932294419 -2.593400552 1)
(-1.611824388 -2.602860237 1)
(-1.290503144 -2.610727412 1)
(-0.968490877 -2.616926313 1)
(-0.6459544354 -2.62139724 1)
(-0.3230657138 -2.624097136 1)
(-2.081668171e-17 -2.625 1)
(0.3230657138 -2.624097136 1)
(0.6459544354 -2.62139724 1)
(0.968490877 -2.616926313 1)
(1.290503144 -2.610727412 1)
(1.611824388 -2.602860237 1)
(1.932294419 -2.593400552 1)
(2.251761241 -2.58243946 1)
(2.570082521 -2.570082521 1)
(-2.426776695 -2.426776695 1)
(-2.127348321 -2.443252613 1)
(-1.826392558 -2.457867403 1)
(-1.524099184 -2.470480316 1)
(-1.220670858 -2.480969883 1)
(-0.9163211693 -2.489235084 1)
(-0.6112725805 -2.49519632 1)
(-0.3057542851 -2.498796182 1)
(-2.775557562e-17 -2.5 1)
(0.3057542851 -2.498796182 1)
(0.6112725805 -2.49519632 1)
(0.9163211693 -2.489235084 1)
(1.220670858 -2.480969883 1)
(1.524099184 -2.470480316 1)
(1.826392558 -2.457867403 1)
(2.127348321 -2.443252613 1)
(2.426776695 -2.426776695 1)
(-2.283470869 -2.283470869 1)
(-2.002935401 -2.304065767 1)
(-1.720490698 -2.322334254 1)
(-1.43637398 -2.338100395 1)
(-1.150838573 -2.351212354 1)
(-0.8641514616 -2.361543855 1)
(-0.5765907256 -2.3689954 1)
(-0.2884428564 -2.373495227 1)
(-3.469446952e-17 -2.375 1)
(0.2884428564 -2.373495227 1)
(0.5765907256 -2.3689954 1)
(0.8641514616 -2.361543855 1)
(1.150838573 -2.351212354 1)
(1.43637398 -2.338100395 1)
(1.720490698 -2.322334254 1)
(2.002935401 -2.304065767 1)
(2.283470869 -2.283470869 1)
(-2.140165043 -2.140165043 1)
(-1.878522482 -2.16487892 1)
(-1.614588837 -2.186801105 1)
(-1.348648776 -2.205720474 1)
(-1.081006287 -2.221454825 1)
(-0.811981754 -2.233852626 1)
(-0.5419088708 -2.24279448 1)
(-0.2711314276 -2.248194273 1)
(-4.163336342e-17 -2.25 1)
(0.2711314276 -2.248194273 1)
(0.5419088708 -2.24279448 1)
(0.811981754 -2.233852626 1)
(1.081006287 -2.221454825 1)
(1.348648776 -2.205720474 1)
(1.614588837 -2.186801105 1)
(1.878522482 -2.16487892 1)
(2.140165043 -2.140165043 1)
(-1.996859217 -1.996859217 1)
(-1.754109562 -2.025692073 1)
(-1.508686977 -2.051267955 1)
(-1.260923572 -2.073340553 1)
(-1.011174002 -2.091697295 1)
(-0.7598120463 -2.106161397 1)
(-0.5072270159 -2.11659356 1)
(-0.2538199989 -2.122893318 1)
(-4.857225733e-17 -2.125 1)
(0.2538199989 -2.122893318 1)
(0.5072270159 -2.11659356 1)
(0.7598120463 -2.106161397 1)
(1.011174002 -2.091697295 1)
(1.260923572 -2.073340553 1)
(1.508686977 -2.051267955 1)
(1.754109562 -2.025692073 1)
(1.996859217 -1.996859217 1)
(-1.853553391 -1.853553391 1)
(-1.629696642 -1.886505227 1)
(-1.402785117 -1.915734806 1)
(-1.173198368 -1.940960632 1)
(-0.9413417162 -1.961939766 1)
(-0.7076423386 -1.978470168 1)
(-0.472545161 -1.99039264 1)
(-0.2365085702 -1.997592363 1)
(-5.551115123e-17 -2 1)
(0.2365085702 -1.997592363 1)
(0.472545161 -1.99039264 1)
(0.7076423386 -1.978470168 1)
(0.9413417162 -1.961939766 1)
(1.173198368 -1.940960632 1)
(1.402785117 -1.915734806 1)
(1.629696642 -1.886505227 1)
(1.853553391 -1.853553391 1)
(-1.710247564 -1.710247564 1)
(-1.505283722 -1.74731838 1)
(-1.296883256 -1.780201657 1)
(-1.085473164 -1.808580711 1)
(-0.8715094307 -1.832182237 1)
(-0.655472631 -1.850778939 1)
(-0.4378633061 -1.86419172 1)
(-0.2191971414 -1.872291409 1)
(-6.245004514e-17 -1.875 1)
(0.2191971414 -1.872291409 1)
(0.4378633061 -1.86419172 1)
(0.655472631 -1.850778939 1)
(0.8715094307 -1.832182237 1)
(1.085473164 -1.808580711 1)
(1.296883256 -1.780201657 1)
(1.505283722 -1.74731838 1)
(1.710247564 -1.710247564 1)
(-1.566941738 -1.566941738 1)
(-1.380870803 -1.608131533 1)
(-1.190981396 -1.644668508 1)
(-0.9977479605 -1.67620079 1)
(-0.8016771452 -1.702424708 1)
(-0.6033029233 -1.72308771 1)
(-0.4031814513 -1.7379908 1)
(-0.2018857127 -1.746990454 1)
(-6.938893904e-17 -1.75 1)
(0.2018857127 -1.746990454 1)
(0.4031814513 -1.7379908 1)
(0.6033029233 -1.72308771 1)
(0.8016771452 -1.702424708 1)
(0.9977479605 -1.67620079 1)
(1.190981396 -1.644668508 1)
(1.380870803 -1.608131533 1)
(1.566941738 -1.566941738 1)
(-1.423635912 -1.423635912 1)
(-1.256457883 -1.468944687 1)
(-1.085079535 -1.509135358 1)
(-0.9100227566 -1.543820869 1)
(-0.7318448598 -1.572667179 1)
(-0.5511332156 -1.595396481 1)
(-0.3684995964 -1.61178988 1)
(-0.184574284 -1.6216895 1)
(-7.632783294e-17 -1.625 1)
(0.184574284 -1.6216895 1)
(0.3684995964 -1.61178988 1)
(0.5511332156 -1.595396481 1)
(0.7318448598 -1.572667179 1)
(0.9100227566 -1.543820869 1)
(1.085079535 -1.509135358 1)
(1.256457883 -1.468944687 1)
(1.423635912 -1.423635912 1)
(-1.280330086 -1.280330086 1)
(-1.132044963 -1.32975784 1)
(-0.9791776748 -1.373602209 1)
(-0.8222975526 -1.411440948 1)
(-0.6620125743 -1.442909649 1)
(-0.4989635079 -1.467705252 1)
(-0.3338177415 -1.48558896 1)
(-0.1672628552 -1.496388545 1)
(-8.326672685e-17 -1.5 1)
(0.1672628552 -1.496388545 1)
(0.3338177415 -1.48558896 1)
(0.4989635079 -1.467705252 1)
(0.6620125743 -1.442909649 1)
(0.8222975526 -1.411440948 1)
(0.9791776748 -1.373602209 1)
(1.132044963 -1.32975784 1)
(1.280330086 -1.280330086 1)
(-1.13702426 -1.13702426 1)
(-1.007632043 -1.190570993 1)
(-0.8732758143 -1.23806906 1)
(-0.7345723487 -1.279061027 1)
(-0.5921802888 -1.31315212 1)
(-0.4467938003 -1.340014023 1)
(-0.2991358866 -1.35938804 1)
(-0.1499514265 -1.37108759 1)
(-9.020562075e-17 -1.375 1)
(0.1499514265 -1.37108759 1)
(0.2991358866 -1.35938804 1)
(0.4467938003 -1.340014023 1)
(0.5921802888 -1.31315212 1)
(0.7345723487 -1.279061027 1)
(0.8732758143 -1.23806906 1)
(1.007632043 -1.190570993 1)
(1.13702426 -1.13702426 1)
(-0.9937184335 -0.9937184335 1)
(-0.8832191236 -1.051384147 1)
(-0.7673739539 -1.102535911 1)
(-0.6468471447 -1.146681106 1)
(-0.5223480033 -1.183394591 1)
(-0.3946240926 -1.212322794 1)
(-0.2644540318 -1.23318712 1)
(-0.1326399978 -1.245786636 1)
(-9.714451465e-17 -1.25 1)
(0.1326399978 -1.245786636 1)
(0.2644540318 -1.23318712 1)
(0.3946240926 -1.212322794 1)
(0.5223480033 -1.183394591 1)
(0.6468471447 -1.146681106 1)
(0.7673739539 -1.102535911 1)
(0.8832191236 -1.051384147 1)
(0.9937184335 -0.9937184335 1)
(-0.8504126074 -0.8504126074 1)
(-0.7588062039 -0.9121973 1)
(-0.6614720935 -0.9670027615 1)
(-0.5591219408 -1.014301185 1)
(-0.4525157178 -1.053637062 1)
(-0.3424543849 -1.084631565 1)
(-0.2297721769 -1.1069862 1)
(-0.1153285691 -1.120485681 1)
(-1.040834086e-16 -1.125 1)
(0.1153285691 -1.120485681 1)
(0.2297721769 -1.1069862 1)
(0.3424543849 -1.084631565 1)
(0.4525157178 -1.053637062 1)
(0.5591219408 -1.014301185 1)
(0.6614720935 -0.9670027615 1)
(0.7588062039 -0.9121973 1)
(0.8504126074 -0.8504126074 1)
(-0.7071067812 -0.7071067812 1)
(-0.6343932842 -0.7730104534 1)
(-0.555570233 -0.8314696123 1)
(-0.4713967368 -0.8819212643 1)
(-0.3826834324 -0.9238795325 1)
(-0.2902846773 -0.9569403357 1)
(-0.195090322 -0.9807852804 1)
(-0.09801714033 -0.9951847267 1)
(-1.110223025e-16 -1 1)
(0.09801714033 -0.9951847267 1)
(0.195090322 -0.9807852804 1)
(0.2902846773 -0.9569403357 1)
(0.3826834324 -0.9238795325 1)
(0.4713967368 -0.8819212643 1)
(0.555570233 -0.8314696123 1)
(0.6343932842 -0.7730104534 1)
(0.7071067812 -0.7071067812 1)
(3 -2.625 0)
(3 -2.25 0)
(3 -1.875 0)
(3 -1.5 0)
(3 -1.125 0)
(3 -0.75 0)
(3 -0.375 0)
(3 0 0)
(3 0.375 0)
(3 0.75 0)
(3 1.125 0)
(3 1.5 0)
(3 1.875 0)
(3 2.25 0)
(3 2.625 0)
(3 3 0)
(2.860813153 -2.50058708 0)
(2.864466851 -2.14409814 0)
(2.867620079 -1.787274796 0)
(2.870242471 -1.430167715 0)
(2.872308771 -1.072830292 0)
(2.87379908 -0.7153181451 0)
(2.874699045 -0.3576885713 0)
(2.875 -6.938893904e-18 0)
(2.874699045 0.3576885713 0)
(2.87379908 0.7153181451 0)
(2.872308771 1.072830292 0)
(2.870242471 1.430167715 0)
(2.867620079 1.787274796 0)
(2.864466851 2.14409814 0)
(2.860813153 2.50058708 0)
(2.856694174 2.856694174 0)
(2.721626307 -2.376174161 0)
(2.728933702 -2.038196279 0)
(2.735240158 -1.699549592 0)
(2.740484942 -1.360335429 0)
(2.744617542 -1.020660585 0)
(2.74759816 -0.6806362903 0)
(2.749398091 -0.3403771425 0)
(2.75 -1.387778781e-17 0)
(2.749398091 0.3403771425 0)
(2.74759816 0.6806362903 0)
(2.744617542 1.020660585 0)
(2.740484942 1.360335429 0)
(2.735240158 1.699549592 0)
(2.728933702 2.038196279 0)
(2.721626307 2.376174161 0)
(2.713388348 2.713388348 0)
(2.58243946 -2.251761241 0)
(2.593400552 -1.932294419 0)
(2.602860237 -1.611824388 0)
(2.610727412 -1.290503144 0)
(2.616926313 -0.968490877 0)
(2.62139724 -0.6459544354 0)
(2.624097136 -0.3230657138 0)
(2.625 -2.081668171e-17 0)
(2.624097136 0.3230657138 0)
(2.62139724 0.6459544354 0)
(2.616926313 0.968490877 0)
(2.610727412 1.290503144 0)
(2.602860237 1.611824388 0)
(2.593400552 1.932294419 0)
(2.58243946 2.251761241 0)
(2.570082521 2.570082521 0)
(2.443252613 -2.127348321 0)
(2.457867403 -1.826392558 0)
(2.470480316 -1.524099184 0)
(2.480969883 -1.220670858 0)
(2.489235084 -0.9163211693 0)
(2.49519632 -0.6112725805 0)
(2.498796182 -0.3057542851 0)
(2.5 -2.775557562e-17 0)
(2.498796182 0.3057542851 0)
(2.49519632 0.6112725805 0)
(2.489235084 0.9163211693 0)
(2.480969883 1.220670858 0)
(2.470480316 1.524099184 0)
(2.457867403 1.826392558 0)
(2.443252613 2.127348321 0)
(2.426776695 2.426776695 0)
(2.304065767 -2.002935401 0)
(2.322334254 -1.720490698 0)
(2.338100395 -1.43637398 0)
(2.351212354 -1.150838573 0)
(2.361543855 -0.8641514616 0)
(2.3689954 -0.5765907256 0)
(2.373495227 -0.2884428564 0)
(2.375 -3.469446952e-17 0)
(2.373495227 0.2884428564 0)
(2.3689954 0.5765907256 0)
(2.361543855 0.8641514616 0)
(2.351212354 1.150838573 0)
(2.338100395 1.43637398 0)
(2.322334254 1.720490698 0)
(2.304065767 2.002935401 0)
(2.283470869 2.283470869 0)
(2.16487892 -1.878522482 0)
(2.186801105 -1.614588837 0)
(2.205720474 -1.348648776 0)
(2.221454825 -1.081006287 0)
(2.233852626 -0.811981754 0)
(2.24279448 -0.5419088708 0)
(2.248194273 -0.2711314276 0)
(2.25 -4.163336342e-17 0)
(2.248194273 0.2711314276 0)
(2.24279448 0.5419088708 0)
(2.233852626 0.811981754 0)
(2.221454825 1.081006287 0)
(2.205720474 1.348648776 0)
(2.186801105 1.614588837 0)
(2.16487892 1.878522482 0)
(2.140165043 2.140165043 0)
(2.025692073 -1.754109562 0)
(2.051267955 -1.508686977 0)
(2.073340553 -1.260923572 0)
(2.091697295 -1.011174002 0)
(2.106161397 -0.7598120463 0)
(2.11659356 -0.5072270159 0)
(2.122893318 -0.2538199989 0)
(2.125 -4.857225733e-17 0)
(2.122893318 0.2538199989 0)
(2.11659356 0.5072270159 0)
(2.106161397 0.7598120463 0)
(2.091697295 1.011174002 0)
(2.073340553 1.260923572 0)
(2.051267955 1.508686977 0)
(2.025692073 1.754109562 0)
(1.996859217 1.996859217 0)
(1.886505227 -1.629696642 0)
(1.915734806 -1.402785117 0)
(1.940960632 -1.173198368 0)
(1.961939766 -0.9413417162 0)
(1.978470168 -0.7076423386 0)
(1.99039264 -0.472545161 0)
(1.997592363 -0.2365085702 0)
(2 -5.551115123e-17 0)
(1.997592363 0.2365085702 0)
(1.99039264 0.472545161 0)
(1.978470168 0.7076423386 0)
(1.961939766 0.9413417162 0)
(1.940960632 1.173198368 0)
(1.915734806 1.402785117 0)
(1.886505227 1.629696642 0)
(1.853553391 1.853553391 0)
(1.74731838 -1.505283722 0)
(1.780201657 -1.296883256 0)
(1.808580711 -1.085473164 0)
(1.832182237 -0.8715094307 0)
(1.850778939 -0.655472631 0)
(1.86419172 -0.4378633061 0)
(1.872291409 -0.2191971414 0)
(1.875 -6.245004514e-17 0)
(1.872291409 0.2191971414 0)
(1.86419172 0.4378633061 0)
(1.850778939 0.655472631 0)
(1.832182237 0.8715094307 0)
(1.808580711 1.085473164 0)
(1.780201657 1.296883256 0)
(1.74731838 1.505283722 0)
(1.710247564 1.710247564 0)
(1.608131533 -1.380870803 0)
(1.644668508 -1.190981396 0)
(1.67620079 -0.9977479605 0)
(1.702424708 -0.8016771452 0)
(1.72308771 -0.6033029233 0)
(1.7379908 -0.4031814513 0)
(1.746990454 -0.2018857127 0)
(1.75 -6.938893904e-17 0)
(1.746990454 0.2018857127 0)
(1.7379908 0.4031814513 0)
(1.72308771 0.6033029233 0)
(1.702424708 0.8016771452 0)
(1.67620079 0.9977479605 0)
(1.644668508 1.190981396 0)
(1.608131533 1.380870803 0)
(1.566941738 1.566941738 0)
(1.468944687 -1.256457883 0)
(1.509135358 -1.085079535 0)
(1.543820869 -0.9100227566 0)
(1.572667179 -0.7318448598 0)
(1.595396481 -0.5511332156 0)
(1.61178988 -0.3684995964 0)
(1.6216895 -0.184574284 0)
(1.625 -7.632783294e-17 0)
(1.6216895 0.184574284 0)
(1.61178988 0.3684995964 0)
(1.595396481 0.5511332156 0)
(1.572667179 0.7318448598 0)
(1.543820869 0.9100227566 0)
(1.509135358 1.085079535 0)
(1.468944687 1.256457883 0)
(1.423635912 1.423635912 0)
(1.32975784 -1.132044963 0)
(1.373602209 -0.9791776748 0)
(1.411440948 -0.8222975526 0)
(1.442909649 -0.6620125743 0)
(1.467705252 -0.4989635079 0)
(1.48558896 -0.3338177415 0)
(1.496388545 -0.1672628552 0)
(1.5 -8.326672685e-17 0)
(1.496388545 0.1672628552 0)
(1.48558896 0.3338177415 0)
(1.467705252 0.4989635079 0)
(1.442909649 0.6620125743 0)
(1.411440948 0.8222975526 0)
(1.373602209 0.9791776748 0)
(1.32975784 1.132044963 0)
(1.280330086 1.280330086 0)
(1.190570993 -1.007632043 0)
(1.23806906 -0.8732758143 0)
(1.279061027 -0.7345723487 0)
(1.31315212 -0.5921802888 0)
(1.340014023 -0.4467938003 0)
(1.35938804 -0.2991358866 0)
(1.37108759 -0.1499514265 0)
(1.375 -9.020562075e-17 0)
(1.37108759 0.1499514265 0)
(1.35938804 0.2991358866 0)
(1.340014023 0.4467938003 0)
(1.31315212 0.5921802888 0)
(1.279061027 0.7345723487 0)
(1.23806906 0.8732758143 0)
(1.190570993 1.007632043 0)
(1.13702426 1.13702426 0)
(1.051384147 -0.8832191236 0)
(1.102535911 -0.7673739539 0)
(1.146681106 -0.6468471447 0)
(1.183394591 -0.5223480033 0)
(1.212322794 -0.3946240926 0)
(1.23318712 -0.2644540318 0)
(1.245786636 -0.1326399978 0)
(1.25 -9.714451465e-17 0)
(1.245786636 0.1326399978 0)
(1.23318712 0.2644540318 0)
(1.212322794 0.3946240926 0)
(1.183394591 0.5223480033 0)
(1.146681106 0.6468471447 0)
(1.102535911 0.7673739539 0)
(1.051384147 0.8832191236 0)
(0.9937184335 0.9937184335 0)
(0.9121973 -0.7588062039 0)
(0.9670027615 -0.6614720935 0)
(1.014301185 -0.5591219408 0)
(1.053637062 -0.4525157178 0)
(1.084631565 -0.3424543849 0)
(1.1069862 -0.2297721769 0)
(1.120485681 -0.1153285691 0)
(1.125 -1.040834086e-16 0)
(1.120485681 0.1153285691 0)
(1.1069862 0.2297721769 0)
(1.084631565 0.3424543849 0)
(1.053637062 0.4525157178 0)
(1.014301185 0.5591219408 0)
(0.9670027615 0.6614720935 0)
(0.9121973 0.7588062039 0)
(0.8504126074 0.8504126074 0)
(0.7730104534 -0.6343932842 0)
(0.8314696123 -0.555570233 0)
(0.8819212643 -0.4713967368 0)
(0.9238795325 -0.3826834324 0)
(0.9569403357 -0.2902846773 0)
(0.9807852804 -0.195090322 0)
(0.9951847267 -0.09801714033 0)
(1 -1.110223025e-16 0)
(0.9951847267 0.09801714033 0)
(0.9807852804 0.195090322 0)
(0.9569403357 0.2902846773 0)
(0.9238795325 0.3826834324 0)
(0.8819212643 0.4713967368 0)
(0.8314696123 0.555570233 0)
(0.7730104534 0.6343932842 0)
(0.7071067812 0.7071067812 0)
(3 -2.625 1)
(3 -2.25 1)
(3 -1.875 1)
(3 -1.5 1)
(3 -1.125 1)
(3 -0.75 1)
(3 -0.375 1)
(3 0 1)
(3 0.375 1)
(3 0.75 1)
(3 1.125 1)
(3 1.5 1)
(3 1.875 1)
(3 2.25 1)
(3 2.625 1)
(3 3 1)
(2.860813153 -2.50058708 1)
(2.864466851 -2.14409814 1)
(2.867620079 -1.787274796 1)
(2.870242471 -1.430167715 1)
(2.872308771 -1.072830292 1)
(2.87379908 -0.7153181451 1)
(2.874699045 -0.3576885713 1)
(2.875 -6.938893904e-18 1)
(2.874699045 0.3576885713 1)
(2.87379908 0.7153181451 1)
(2.872308771 1.072830292 1)
(2.870242471 1.430167715 1)
(2.867620079 1.787274796 1)
(2.864466851 2.14409814 1)
(2.860813153 2.50058708 1)
(2.856694174 2.856694174 1)
(2.721626307 -2.376174161 1)
(2.728933702 -2.038196279 1)
(2.735240158 -1.699549592 1)
(2.740484942 -1.360335429 1)
(2.744617542 -1.020660585 1)
(2.74759816 -0.6806362903 1)
(2.749398091 -0.3403771425 1)
(2.75 -1.387778781e-17 1)
(2.749398091 0.3403771425 1)
(2.74759816 0.6806362903 1)
(2.744617542 1.020660585 1)
(2.740484942 1.360335429 1)
(2.735240158 1.699549592 1)
(2.728933702 2.038196279 1)
(2.721626307 2.376174161 1)
(2.713388348 2.713388348 1)
(2.58243946 -2.251761241 1)
(2.593400552 -1.932294419 1)
(2.602860237 -1.611824388 1)
(2.610727412 -1.290503144 1)
(2.616926313 -0.968490877 1)
(2.62139724 -0.6459544354 1)
(2.624097136 -0.3230657138 1)
(2.625 -2.081668171e-17 1)
(2.624097136 0.3230657138 1)
(2.62139724 0.6459544354 1)
(2.616926313 0.968490877 1)
(2.610727412 1.290503144 1)
(2.602860237 1.611824388 1)
(2.593400552 1.932294419 1)
(2.58243946 2.251761241 1)
(2.570082521 2.570082521 1)
(2.443252613 -2.127348321 1)
(2.457867403 -1.826392558 1)
(2.470480316 -1.524099184 1)
(2.480969883 -1.220670858 1)
(2.489235084 -0.9163211693 1)
(2.49519632 -0.6112725805 1)
(2.498796182 -0.3057542851 1)
(2.5 -2.775557562e-17 1)
(2.498796182 0.3057542851 1)
(2.49519632 0.6112725805 1)
(2.489235084 0.9163211693 1)
(2.480969883 1.220670858 1)
(2.470480316 1.524099184 1)
(2.457867403 1.826392558 1)
(2.443252613 2.127348321 1)
(2.426776695 2.426776695 1)
(2.304065767 -2.002935401 1)
(2.322334254 -1.720490698 1)
(2.338100395 -1.43637398 1)
(2.351212354 -1.150838573 1)
(2.361543855 -0.8641514616 1)
(2.3689954 -0.5765907256 1)
(2.373495227 -0.2884428564 1)
(2.375 -3.469446952e-17 1)
(2.373495227 0.2884428564 1)
(2.3689954 0.5765907256 1)
(2.361543855 0.8641514616 1)
(2.351212354 1.150838573 1)
(2.338100395 1.43637398 1)
(2.322334254 1.720490698 1)
(2.304065767 2.002935401 1)
(2.283470869 2.283470869 1)
(2.16487892 -1.878522482 1)
(2.186801105 -1.614588837 1)
(2.205720474 -1.348648776 1)
(2.221454825 -1.081006287 1)
(2.233852626 -0.811981754 1)
(2.24279448 -0.5419088708 1)
(2.248194273 -0.2711314276 1)
(2.25 -4.163336342e-17 1)
(2.248194273 0.2711314276 1)
(2.24279448 0.5419088708 1)
(2.233852626 0.811981754 1)
(2.221454825 1.081006287 1)
(2.205720474 1.348648776 1)
(2.186801105 1.614588837 1)
(2.16487892 1.878522482 1)
(2.140165043 2.140165043 1)
(2.025692073 -1.754109562 1)
(2.051267955 -1.508686977 1)
(2.073340553 -1.260923572 1)
(2.091697295 -1.011174002 1)
(2.106161397 -0.7598120463 1)
(2.11659356 -0.5072270159 1)
(2.122893318 -0.2538199989 1)
(2.125 -4.857225733e-17 1)
(2.122893318 0.2538199989 1)
(2.11659356 0.5072270159 1)
(2.106161397 0.7598120463 1)
(2.091697295 1.011174002 1)
(2.073340553 1.260923572 1)
(2.051267955 1.508686977 1)
(2.025692073 1.754109562 1)
(1.996859217 1.996859217 1)
(1.886505227 -1.629696642 1)
(1.915734806 -1.402785117 1)
(1.940960632 -1.173198368 1)
(1.961939766 -0.9413417162 1)
(1.978470168 -0.7076423386 1)
(1.99039264 -0.472545161 1)
(1.997592363 -0.2365085702 1)
(2 -5.551115123e-17 1)
(1.997592363 0.2365085702 1)
(1.99039264 0.472545161 1)
(1.978470168 0.7076423386 1)
(1.961939766 0.9413417162 1)
(1.940960632 1.173198368 1)
(1.915734806 1.402785117 1)
(1.886505227 1.629696642 1)
(1.853553391 1.853553391 1)
(1.74731838 -1.505283722 1)
(1.780201657 -1.296883256 1)
(1.808580711 -1.085473164 1)
(1.832182237 -0.8715094307 1)
(1.850778939 -0.655472631 1)
(1.86419172 -0.4378633061 1)
(1.872291409 -0.2191971414 1)
(1.875 -6.245004514e-17 1)
(1.872291409 0.2191971414 1)
(1.86419172 0.4378633061 1)
(1.850778939 0.655472631 1)
(1.832182237 0.8715094307 1)
(1.808580711 1.085473164 1)
(1.780201657 1.296883256 1)
(1.74731838 1.505283722 1)
(1.710247564 1.710247564 1)
(1.608131533 -1.380870803 1)
(1.644668508 -1.190981396 1)
(1.67620079 -0.9977479605 1)
(1.702424708 -0.8016771452 1)
(1.72308771 -0.6033029233 1)
(1.7379908 -0.4031814513 1)
(1.746990454 -0.2018857127 1)
(1.75 -6.938893904e-17 1)
(1.746990454 0.2018857127 1)
(1.7379908 0.4031814513 1)
(1.72308771 0.6033029233 1)
(1.702424708 0.8016771452 1)
(1.67620079 0.9977479605 1)
(1.644668508 1.190981396 1)
(1.608131533 1.380870803 1)
(1.566941738 1.566941738 1)
(1.468944687 -1.256457883 1)
(1.509135358 -1.085079535 1)
(1.543820869 -0.9100227566 1)
(1.572667179 -0.7318448598 1)
(1.595396481 -0.5511332156 1)
(1.61178988 -0.3684995964 1)
(1.6216895 -0.184574284 1)
(1.625 -7.632783294e-17 1)
(1.6216895 0.184574284 1)
(1.61178988 0.3684995964 1)
(1.595396481 0.5511332156 1)
(1.572667179 0.7318448598 1)
(1.543820869 0.9100227566 1)
(1.509135358 1.085079535 1)
(1.468944687 1.256457883 1)
(1.423635912 1.423635912 1)
(1.32975784 -1.132044963 1)
(1.373602209 -0.9791776748 1)
(1.411440948 -0.8222975526 1)
(1.442909649 -0.6620125743 1)
(1.467705252 -0.4989635079 1)
(1.48558896 -0.3338177415 1)
(1.496388545 -0.1672628552 1)
(1.5 -8.326672685e-17 1)
(1.496388545 0.1672628552 1)
(1.48558896 0.3338177415 1)
(1.467705252 0.4989635079 1)
(1.442909649 0.6620125743 1)
(1.411440948 0.8222975526 1)
(1.373602209 0.9791776748 1)
(1.32975784 1.132044963 1)
(1.280330086 1.280330086 1)
(1.190570993 -1.007632043 1)
(1.23806906 -0.8732758143 1)
(1.279061027 -0.7345723487 1)
(1.31315212 -0.5921802888 1)
(1.340014023 -0.4467938003 1)
(1.35938804 -0.2991358866 1)
(1.37108759 -0.1499514265 1)
(1.375 -9.020562075e-17 1)
(1.37108759 0.1499514265 1)
(1.35938804 0.2991358866 1)
(1.340014023 0.4467938003 1)
(1.31315212 0.5921802888 1)
(1.279061027 0.7345723487 1)
(1.23806906 0.8732758143 1)
(1.190570993 1.007632043 1)
(1.13702426 1.13702426 1)
(1.051384147 -0.8832191236 1)
(1.102535911 -0.7673739539 1)
(1.146681106 -0.6468471447 1)
(1.183394591 -0.5223480033 1)
(1.212322794 -0.3946240926 1)
(1.23318712 -0.2644540318 1)
(1.245786636 -0.1326399978 1)
(1.25 -9.714451465e-17 1)
(1.245786636 0.1326399978 1)
(1.23318712 0.2644540318 1)
(1.212322794 0.3946240926 1)
(1.183394591 0.5223480033 1)
(1.146681106 0.6468471447 1)
(1.102535911 0.7673739539 1)
(1.051384147 0.8832191236 1)
(0.9937184335 0.9937184335 1)
(0.9121973 -0.7588062039 1)
(0.9670027615 -0.6614720935 1)
(1.014301185 -0.5591219408 1)
(1.053637062 -0.4525157178 1)
(1.084631565 -0.3424543849 1)
(1.1069862 -0.2297721769 1)
(1.120485681 -0.1153285691 1)
(1.125 -1.040834086e-16 1)
(1.120485681 0.1153285691 1)
(1.1069862 0.2297721769 1)
(1.084631565 0.3424543849 1)
(1.053637062 0.4525157178 1)
(1.014301185 0.5591219408 1)
(0.9670027615 0.6614720935 1)
(0.9121973 0.7588062039 1)
(0.8504126074 0.8504126074 1)
(0.7730104534 -0.6343932842 1)
(0.8314696123 -0.555570233 1)
(0.8819212643 -0.4713967368 1)
(0.9238795325 -0.3826834324 1)
(0.9569403357 -0.2902846773 1)
(0.9807852804 -0.195090322 1)
(0.9951847267 -0.09801714033 1)
(1 -1.110223025e-16 1)
(0.9951847267 0.09801714033 1)
(0.9807852804 0.195090322 1)
(0.9569403357 0.2902846773 1)
(0.9238795325 0.3826834324 1)
(0.8819212643 0.4713967368 1)
(0.8314696123 0.555570233 1)
(0.7730104534 0.6343932842 1)
(0.7071067812 0.7071067812 1)
(2.625 3 0)
(2.25 3 0)
(1.875 3 0)
(1.5 3 0)
(1.125 3 0)
(0.75 3 0)
(0.375 3 0)
(0 3 0)
(-0.375 3 0)
(-0.75 3 0)
(-1.125 3 0)
(-1.5 3 0)
(-1.875 3 0)
(-2.25 3 0)
(-2.625 3 0)
(-3 3 0)
(2.50058708 2.860813153 0)
(2.14409814 2.864466851 0)
(1.787274796 2.867620079 0)
(1.430167715 2.870242471 0)
(1.072830292 2.872308771 0)
(0.7153181451 2.87379908 0)
(0.3576885713 2.874699045 0)
(6.938893904e-18 2.875 0)
(-0.3576885713 2.874699045 0)
(-0.7153181451 2.87379908 0)
(-1.072830292 2.872308771 0)
(-1.430167715 2.870242471 0)
(-1.787274796 2.867620079 0)
(-2.14409814 2.864466851 0)
(-2.50058708 2.860813153 0)
(-2.856694174 2.856694174 0)
(2.376174161 2.721626307 0)
(2.038196279 2.728933702 0)
(1.699549592 2.735240158 0)
(1.360335429 2.740484942 0)
(1.020660585 2.744617542 0)
(0.6806362903 2.74759816 0)
(0.3403771425 2.749398091 0)
(1.387778781e-17 2.75 0)
(-0.3403771425 2.749398091 0)
(-0.6806362903 2.74759816 0)
(-1.020660585 2.744617542 0)
(-1.360335429 2.740484942 0)
(-1.699549592 2.735240158 0)
(-2.038196279 2.728933702 0)
(-2.376174161 2.721626307 0)
(-2.713388348 2.713388348 0)
(2.251761241 2.58243946 0)
(1.932294419 2.593400552 0)
(1.611824388 2.602860237 0)
(1.290503144 2.610727412 0)
(0.968490877 2.616926313 0)
(0.6459544354 2.62139724 0)
(0.3230657138 2.624097136 0)
(2.081668171e-17 2.625 0)
(-0.3230657138 2.624097136 0)
(-0.6459544354 2.62139724 0)
(-0.968490877 2.616926313 0)
(-1.290503144 2.610727412 0)
(-1.611824388 2.602860237 0)
(-1.932294419 2.593400552 0)
(-2.251761241 2.58243946 0)
(-2.570082521 2.570082521 0)
(2.127348321 2.443252613 0)
(1.826392558 2.457867403 0)
(1.524099184 2.470480316 0)
(1.220670858 2.480969883 0)
(0.9163211693 2.489235084 0)
(0.6112725805 2.49519632 0)
(0.3057542851 2.498796182 0)
(2.775557562e-17 2.5 0)
(-0.3057542851 2.498796182 0)
(-0.6112725805 2.49519632 0)
(-0.9163211693 2.489235084 0)
(-1.220670858 2.480969883 0)
(-1.524099184 2.470480316 0)
(-1.826392558 2.457867403 0)
(-2.127348321 2.443252613 0)
(-2.426776695 2.426776695 0)
(2.002935401 2.304065767 0)
(1.720490698 2.322334254 0)
(1.43637398 2.338100395 0)
(1.150838573 2.351212354 0)
(0.8641514616 2.361543855 0)
(0.5765907256 2.3689954 0)
(0.2884428564 2.373495227 0)
(3.469446952e-17 2.375 0)
(-0.2884428564 2.373495227 0)
(-0.5765907256 2.3689954 0)
(-0.8641514616 2.361543855 0)
(-1.150838573 2.351212354 0)
(-1.43637398 2.338100395 0)
(-1.720490698 2.322334254 0)
(-2.002935401 2.304065767 0)
(-2.283470869 2.283470869 0)
(1.878522482 2.16487892 0)
(1.614588837 2.186801105 0)
(1.348648776 2.205720474 0)
(1.081006287 2.221454825 0)
(0.811981754 2.233852626 0)
(0.5419088708 2.24279448 0)
(0.2711314276 2.248194273 0)
(4.163336342e-17 2.25 0)
(-0.2711314276 2.248194273 0)
(-0.5419088708 2.24279448 0)
(-0.811981754 2.233852626 0)
(-1.081006287 2.221454825 0)
(-1.348648776 2.205720474 0)
(-1.614588837 2.186801105 0)
(-1.878522482 2.16487892 0)
(-2.140165043 2.140165043 0)
(1.754109562 2.025692073 0)
(1.508686977 2.051267955 0)
(1.260923572 2.073340553 0)
(1.011174002 2.091697295 0)
(0.7598120463 2.106161397 0)
(0.5072270159 2.11659356 0)
(0.2538199989 2.122893318 0)
(4.857225733e-17 2.125 0)
(-0.2538199989 2.122893318 0)
(-0.5072270159 2.11659356 0)
(-0.7598120463 2.106161397 0)
(-1.011174002 2.091697295 0)
(-1.260923572 2.073340553 0)
(-1.508686977 2.051267955 0)
(-1.754109562 2.025692073 0)
(-1.996859217 1.996859217 0)
(1.629696642 1.886505227 0)
(1.402785117 1.915734806 0)
(1.173198368 1.940960632 0)
(0.9413417162 1.961939766 0)
(0.7076423386 1.978470168 0)
(0.472545161 1.99039264 0)
(0.2365085702 1.997592363 0)
(5.551115123e-17 2 0)
(-0.2365085702 1.997592363 0)
(-0.472545161 1.99039264 0)
(-0.7076423386 1.978470168 0)
(-0.9413417162 1.961939766 0)
(-1.173198368 1.940960632 0)
(-1.402785117 1.915734806 0)
(-1.629696642 1.886505227 0)
(-1.853553391 1.853553391 0)
(1.505283722 1.74731838 0)
(1.296883256 1.780201657 0)
(1.085473164 1.808580711 0)
(0.8715094307 1.832182237 0)
(0.655472631 1.850778939 0)
(0.4378633061 1.86419172 0)
(0.2191971414 1.872291409 0)
(6.245004514e-17 1.875 0)
(-0.2191971414 1.872291409 0)
(-0.4378633061 1.86419172 0)
(-0.655472631 1.850778939 0)
(-0.8715094307 1.832182237 0)
(-1.085473164 1.808580711 0)
(-1.296883256 1.780201657 0)
(-1.505283722 1.74731838 0)
(-1.710247564 1.710247564 0)
(1.380870803 1.608131533 0)
(1.190981396 1.644668508 0)
(0.9977479605 1.67620079 0)
(0.8016771452 1.702424708 0)
(0.6033029233 1.72308771 0)
(0.4031814513 1.7379908 0)
(0.2018857127 1.746990454 0)
(6.938893904e-17 1.75 0)
(-0.2018857127 1.746990454 0)
(-0.4031814513 1.7379908 0)
(-0.6033029233 1.72308771 0)
(-0.8016771452 1.702424708 0)
(-0.9977479605 1.67620079 0)
(-1.190981396 1.644668508 0)
(-1.380870803 1.608131533 0)
(-1.566941738 1.566941738 0)
(1.256457883 1.468944687 0)
(1.085079535 1.509135358 0)
(0.9100227566 1.543820869 0)
(0.7318448598 1.572667179 0)
(0.5511332156 1.595396481 0)
(0.3684995964 1.61178988 0)
(0.184574284 1.6216895 0)
(7.632783294e-17 1.625 0)
(-0.184574284 1.6216895 0)
(-0.3684995964 1.61178988 0)
(-0.5511332156 1.595396481 0)
(-0.7318448598 1.572667179 0)
(-0.9100227566 1.543820869 0)
(-1.085079535 1.509135358 0)
(-1.256457883 1.468944687 0)
(-1.423635912 1.423635912 0)
(1.132044963 1.32975784 0)
(0.9791776748 1.373602209 0)
(0.8222975526 1.411440948 0)
(0.6620125743 1.442909649 0)
(0.4989635079 1.467705252 0)
(0.3338177415 1.48558896 0)
(0.1672628552 1.496388545 0)
(8.326672685e-17 1.5 0)
(-0.1672628552 1.496388545 0)
(-0.3338177415 1.48558896 0)
(-0.4989635079 1.467705252 0)
(-0.6620125743 1.442909649 0)
(-0.8222975526 1.411440948 0)
(-0.9791776748 1.373602209 0)
(-1.132044963 1.32975784 0)
(-1.280330086 1.280330086 0)
(1.007632043 1.190570993 0)
(0.8732758143 1.23806906 0)
(0.7345723487 1.279061027 0)
(0.5921802888 1.31315212 0)
(0.4467938003 1.340014023 0)
(0.2991358866 1.35938804 0)
(0.1499514265 1.37108759 0)
(9.020562075e-17 1.375 0)
(-0.1499514265 1.37108759 0)
(-0.2991358866 1.35938804 0)
(-0.4467938003 1.340014023 0)
(-0.5921802888 1.31315212 0)
(-0.7345723487 1.279061027 0)
(-0.8732758143 1.23806906 0)
(-1.007632043 1.190570993 0)
(-1.13702426 1.13702426 0)
(0.8832191236 1.051384147 0)
(0.7673739539 1.102535911 0)
(0.6468471447 1.146681106 0)
(0.5223480033 1.183394591 0)
(0.3946240926 1.212322794 0)
(0.2644540318 1.23318712 0)
(0.1326399978 1.245786636 0)
(9.714451465e-17 1.25 0)
(-0.1326399978 1.245786636 0)
(-0.2644540318 1.23318712 0)
(-0.3946240926 1.212322794 0)
(-0.5223480033 1.183394591 0)
(-0.6468471447 1.146681106 0)
(-0.7673739539 1.102535911 0)
(-0.8832191236 1.051384147 0)
(-0.9937184335 0.9937184335 0)
(0.7588062039 0.9121973 0)
(0.6614720935 0.9670027615 0)
(0.5591219408 1.014301185 0)
(0.4525157178 1.053637062 0)
(0.3424543849 1.084631565 0)
(0.2297721769 1.1069862 0)
(0.1153285691 1.120485681 0)
(1.040834086e-16 1.125 0)
(-0.1153285691 1.120485681 0)
(-0.2297721769 1.1069862 0)
(-0.3424543849 1.084631565 0)
(-0.4525157178 1.053637062 0)
(-0.5591219408 1.014301185 0)
(-0.6614720935 0.9670027615 0)
(-0.7588062039 0.9121973 0)
(-0.8504126074 0.8504126074 0)
(0.6343932842 0.7730104534 0)
(0.555570233 0.8314696123 0)
(0.4713967368 0.8819212643 0)
(0.3826834324 0.9238795325 0)
(0.2902846773 0.9569403357 0)
(0.195090322 0.9807852804 0)
(0.09801714033 0.9951847267 0)
(1.110223025e-16 1 0)
(-0.09801714033 0.9951847267 0)
(-0.195090322 0.9807852804 0)
(-0.2902846773 0.9569403357 0)
(-0.3826834324 0.9238795325 0)
(-0.4713967368 0.8819212643 0)
(-0.555570233 0.8314696123 0)
(-0.6343932842 0.7730104534 0)
(-0.7071067812 0.7071067812 0)
(2.625 3 1)
(2.25 3 1)
(1.875 3 1)
(1.5 3 1)
(1.125 3 1)
(0.75 3 1)
(0.375 3 1)
(0 3 1)
(-0.375 3 1)
(-0.75 3 1)
(-1.125 3 1)
(-1.5 3 1)
(-1.875 3 1)
(-2.25 3 1)
(-2.625 3 1)
(-3 3 1)
(2.50058708 2.860813153 1)
(2.14409814 2.864466851 1)
(1.787274796 2.867620079 1)
(1.430167715 2.870242471 1)
(1.072830292 2.872308771 1)
(0.7153181451 2.87379908 1)
(0.3576885713 2.874699045 1)
(6.938893904e-18 2.875 1)
(-0.3576885713 2.874699045 1)
(-0.7153181451 2.87379908 1)
(-1.072830292 2.872308771 1)
(-1.430167715 2.870242471 1)
(-1.787274796 2.867620079 1)
(-2.14409814 2.864466851 1)
(-2.50058708 2.860813153 1)
(-2.856694174 2.856694174 1)
(2.376174161 2.721626307 1)
(2.038196279 2.728933702 1)
(1.699549592 2.735240158 1)
(1.360335429 2.740484942 1)
(1.020660585 2.744617542 1)
(0.6806362903 2.74759816 1)
(0.3403771425 2.749398091 1)
(1.387778781e-17 2.75 1)
(-0.3403771425 2.749398091 1)
(-0.6806362903 2.74759816 1)
(-1.020660585 2.744617542 1)
(-1.360335429 2.740484942 1)
(-1.699549592 2.735240158 1)
(-2.038196279 2.728933702 1)
(-2.376174161 2.721626307 1)
(-2.713388348 2.713388348 1)
(2.251761241 2.58243946 1)
(1.932294419 2.593400552 1)
(1.611824388 2.602860237 1)
(1.290503144 2.610727412 1)
(0.968490877 2.616926313 1)
(0.6459544354 2.62139724 1)
(0.3230657138 2.624097136 1)
(2.081668171e-17 2.625 1)
(-0.3230657138 2.624097136 1)
(-0.6459544354 2.62139724 1)
(-0.968490877 2.616926313 1)
(-1.290503144 2.610727412 1)
(-1.611824388 2.602860237 1)
(-1.932294419 2.593400552 1)
(-2.251761241 2.58243946 1)
(-2.570082521 2.570082521 1)
(2.127348321 2.443252613 1)
(1.826392558 2.457867403 1)
(1.524099184 2.470480316 1)
(1.220670858 2.480969883 1)
(0.9163211693 2.489235084 1)
(0.6112725805 2.49519632 1)
(0.3057542851 2.498796182 1)
(2.775557562e-17 2.5 1)
(-0.3057542851 2.498796182 1)
(-0.6112725805 2.49519632 1)
(-0.9163211693 2.489235084 1)
(-1.220670858 2.480969883 1)
(-1.524099184 2.470480316 1)
(-1.826392558 2.457867403 1)
(-2.127348321 2.443252613 1)
(-2.426776695 2.426776695 1)
(2.002935401 2.304065767 1)
(1.720490698 2.322334254 1)
(1.43637398 2.338100395 1)
(1.150838573 2.351212354 1)
(0.8641514616 2.361543855 1)
(0.5765907256 2.3689954 1)
(0.2884428564 2.373495227 1)
(3.469446952e-17 2.375 1)
(-0.2884428564 2.373495227 1)
(-0.5765907256 2.3689954 1)
(-0.8641514616 2.361543855 1)
(-1.150838573 2.351212354 1)
(-1.43637398 2.338100395 1)
(-1.720490698 2.322334254 1)
(-2.002935401 2.304065767 1)
(-2.283470869 2.283470869 1)
(1.878522482 2.16487892 1)
(1.614588837 2.186801105 1)
(1.348648776 2.205720474 1)
(1.081006287 2.221454825 1)
(0.811981754 2.233852626 1)
(0.5419088708 2.24279448 1)
(0.2711314276 2.248194273 1)
(4.163336342e-17 2.25 1)
(-0.2711314276 2.248194273 1)
(-0.5419088708 2.24279448 1)
(-0.811981754 2.233852626 1)
(-1.081006287 2.221454825 1)
(-1.348648776 2.205720474 1)
(-1.614588837 2.186801105 1)
(-1.878522482 2.16487892 1)
(-2.140165043 2.140165043 1)
(1.754109562 2.025692073 1)
(1.508686977 2.051267955 1)
(1.260923572 2.073340553 1)
(1.011174002 2.091697295 1)
(0.7598120463 2.106161397 1)
(0.5072270159 2.11659356 1)
(0.2538199989 2.122893318 1)
(4.857225733e-17 2.125 1)
(-0.2538199989 2.122893318 1)
(-0.5072270159 2.11659356 1)
(-0.7598120463 2.106161397 1)
(-1.011174002 2.091697295 1)
(-1.260923572 2.073340553 1)
(-1.508686977 2.051267955 1)
(-1.754109562 2.025692073 1)
(-1.996859217 1.996859217 1)
(1.629696642 1.886505227 1)
(1.402785117 1.915734806 1)
(1.173198368 1.940960632 1)
(0.9413417162 1.961939766 1)
(0.7076423386 1.978470168 1)
(0.472545161 1.99039264 1)
(0.2365085702 1.997592363 1)
(5.551115123e-17 2 1)
(-0.2365085702 1.997592363 1)
(-0.472545161 1.99039264 1)
(-0.7076423386 1.978470168 1)
(-0.9413417162 1.961939766 1)
(-1.173198368 1.940960632 1)
(-1.402785117 1.915734806 1)
(-1.629696642 1.886505227 1)
(-1.853553391 1.853553391 1)
(1.505283722 1.74731838 1)
(1.296883256 1.780201657 1)
(1.085473164 1.808580711 1)
(0.8715094307 1.832182237 1)
(0.655472631 1.850778939 1)
(0.4378633061 1.86419172 1)
(0.2191971414 1.872291409 1)
(6.245004514e-17 1.875 1)
(-0.2191971414 1.872291409 1)
(-0.4378633061 1.86419172 1)
(-0.655472631 1.850778939 1)
(-0.8715094307 1.832182237 1)
(-1.085473164 1.808580711 1)
(-1.296883256 1.780201657 1)
(-1.505283722 1.74731838 1)
(-1.710247564 1.710247564 1)
(1.380870803 1.608131533 1)
(1.190981396 1.644668508 1)
(0.9977479605 1.67620079 1)
(0.8016771452 1.702424708 1)
(0.6033029233 1.72308771 1)
(0.4031814513 1.7379908 1)
(0.2018857127 1.746990454 1)
(6.938893904e-17 1.75 1)
(-0.2018857127 1.746990454 1)
(-0.4031814513 1.7379908 1)
(-0.6033029233 1.72308771 1)
(-0.8016771452 1.702424708 1)
(-0.9977479605 1.67620079 1)
(-1.190981396 1.644668508 1)
(-1.380870803 1.608131533 1)
(-1.566941738 1.566941738 1)
(1.256457883 1.468944687 1)
(1.085079535 1.509135358 1)
(0.9100227566 1.543820869 1)
(0.7318448598 1.572667179 1)
(0.5511332156 1.595396481 1)
(0.3684995964 1.61178988 1)
(0.184574284 1.6216895 1)
(7.632783294e-17 1.625 1)
(-0.184574284 1.6216895 1)
(-0.3684995964 1.61178988 1)
(-0.5511332156 1.595396481 1)
(-0.7318448598 1.572667179 1)
(-0.9100227566 1.543820869 1)
(-1.085079535 1.509135358 1)
(-1.256457883 1.468944687 1)
(-1.423635912 1.423635912 1)
(1.132044963 1.32975784 1)
(0.9791776748 1.373602209 1)
(0.8222975526 1.411440948 1)
(0.6620125743 1.442909649 1)
(0.4989635079 1.467705252 1)
(0.3338177415 1.48558896 1)
(0.1672628552 1.496388545 1)
(8.326672685e-17 1.5 1)
(-0.1672628552 1.496388545 1)
(-0.3338177415 1.48558896 1)
(-0.4989635079 1.467705252 1)
(-0.6620125743 1.442909649 1)
(-0.8222975526 1.411440948 1)
(-0.9791776748 1.373602209 1)
(-1.132044963 1.32975784 1)
(-1.280330086 1.280330086 1)
(1.007632043 1.190570993 1)
(0.8732758143 1.23806906 1)
(0.7345723487 1.279061027 1)
(0.5921802888 1.31315212 1)
(0.4467938003 1.340014023 1)
(0.2991358866 1.35938804 1)
(0.1499514265 1.37108759 1)
(9.020562075e-17 1.375 1)
(-0.1499514265 1.37108759 1)
(-0.2991358866 1.35938804 1)
(-0.4467938003 1.340014023 1)
(-0.5921802888 1.31315212 1)
(-0.7345723487 1.279061027 1)
(-0.8732758143 1.23806906 1)
(-1.007632043 1.190570993 1)
(-1.13702426 1.13702426 1)
(0.8832191236 1.051384147 1)
(0.7673739539 1.102535911 1)
(0.6468471447 1.146681106 1)
(0.5223480033 1.183394591 1)
(0.3946240926 1.212322794 1)
(0.2644540318 1.23318712 1)
(0.1326399978 1.245786636 1)
(9.714451465e-17 1.25 1)
(-0.1326399978 1.245786636 1)
(-0.2644540318 1.23318712 1)
(-0.3946240926 1.212322794 1)
(-0.5223480033 1.183394591 1)
(-0.6468471447 1.146681106 1)
(-0.7673739539 1.102535911 1)
(-0.8832191236 1.051384147 1)
(-0.9937184335 0.9937184335 1)
(0.7588062039 0.9121973 1)
(0.6614720935 0.9670027615 1)
(0.5591219408 1.014301185 1)
(0.4525157178 1.053637062 1)
(0.3424543849 1.084631565 1)
(0.2297721769 1.1069862 1)
(0.1153285691 1.120485681 1)
(1.040834086e-16 1.125 1)
(-0.1153285691 1.120485681 1)
(-0.2297721769 1.1069862 1)
(-0.3424543849 1.084631565 1)
(-0.4525157178 1.053637062 1)
(-0.5591219408 1.014301185 1)
(-0.6614720935 0.9670027615 1)
(-0.7588062039 0.9121973 1)
(-0.8504126074 0.8504126074 1)
(0.6343932842 0.7730104534 1)
(0.555570233 0.8314696123 1)
(0.4713967368 0.8819212643 1)
(0.3826834324 0.9238795325 1)
(0.2902846773 0.9569403357 1)
(0.195090322 0.9807852804 1)
(0.09801714033 0.9951847267 1)
(1.110223025e-16 1 1)
(-0.09801714033 0.9951847267 1)
(-0.195090322 0.9807852804 1)
(-0.2902846773 0.9569403357 1)
(-0.3826834324 0.9238795325 1)
(-0.4713967368 0.8819212643 1)
(-0.555570233 0.8314696123 1)
(-0.6343932842 0.7730104534 1)
(-0.7071067812 0.7071067812 1)
(-3 2.625 0)
(-3 2.25 0)
(-3 1.875 0)
(-3 1.5 0)
(-3 1.125 0)
(-3 0.75 0)
(-3 0.375 0)
(-3 0 0)
(-3 -0.375 0)
(-3 -0.75 0)
(-3 -1.125 0)
(-3 -1.5 0)
(-3 -1.875 0)
(-3 -2.25 0)
(-3 -2.625 0)
(-2.860813153 2.50058708 0)
(-2.864466851 2.14409814 0)
(-2.867620079 1.787274796 0)
(-2.870242471 1.430167715 0)
(-2.872308771 1.072830292 0)
(-2.87379908 0.7153181451 0)
(-2.874699045 0.3576885713 0)
(-2.875 6.938893904e-18 0)
(-2.874699045 -0.3576885713 0)
(-2.87379908 -0.7153181451 0)
(-2.872308771 -1.072830292 0)
(-2.870242471 -1.430167715 0)
(-2.867620079 -1.787274796 0)
(-2.864466851 -2.14409814 0)
(-2.860813153 -2.50058708 0)
(-2.721626307 2.376174161 0)
(-2.728933702 2.038196279 0)
(-2.735240158 1.699549592 0)
(-2.740484942 1.360335429 0)
(-2.744617542 1.020660585 0)
(-2.74759816 0.6806362903 0)
(-2.749398091 0.3403771425 0)
(-2.75 1.387778781e-17 0)
(-2.749398091 -0.3403771425 0)
(-2.74759816 -0.6806362903 0)
(-2.744617542 -1.020660585 0)
(-2.740484942 -1.360335429 0)
(-2.735240158 -1.699549592 0)
(-2.728933702 -2.038196279 0)
(-2.721626307 -2.376174161 0)
(-2.58243946 2.251761241 0)
(-2.593400552 1.932294419 0)
(-2.602860237 1.611824388 0)
(-2.610727412 1.290503144 0)
(-2.616926313 0.968490877 0)
(-2.62139724 0.6459544354 0)
(-2.624097136 0.3230657138 0)
(-2.625 2.081668171e-17 0)
(-2.624097136 -0.3230657138 0)
(-2.62139724 -0.6459544354 0)
(-2.616926313 -0.968490877 0)
(-2.610727412 -1.290503144 0)
(-2.602860237 -1.611824388 0)
(-2.593400552 -1.932294419 0)
(-2.58243946 -2.251761241 0)
(-2.443252613 2.127348321 0)
(-2.457867403 1.826392558 0)
(-2.470480316 1.524099184 0)
(-2.480969883 1.220670858 0)
(-2.489235084 0.9163211693 0)
(-2.49519632 0.6112725805 0)
(-2.498796182 0.3057542851 0)
(-2.5 2.775557562e-17 0)
(-2.498796182 -0.3057542851 0)
(-2.49519632 -0.6112725805 0)
(-2.489235084 -0.9163211693 0)
(-2.480969883 -1.220670858 0)
(-2.470480316 -1.524099184 0)
(-2.457867403 -1.826392558 0)
(-2.443252613 -2.127348321 0)
(-2.304065767 2.002935401 0)
(-2.322334254 1.720490698 0)
(-2.338100395 1.43637398 0)
(-2.351212354 1.150838573 0)
(-2.361543855 0.8641514616 0)
(-2.3689954 0.5765907256 0)
(-2.373495227 0.2884428564 0)
(-2.375 3.469446952e-17 0)
(-2.373495227 -0.2884428564 0)
(-2.3689954 -0.5765907256 0)
(-2.361543855 -0.8641514616 0)
(-2.351212354 -1.150838573 0)
(-2.338100395 -1.43637398 0)
(-2.322334254 -1.720490698 0)
(-2.304065767 -2.002935401 0)
(-2.16487892 1.878522482 0)
(-2.186801105 1.614588837 0)
(-2.205720474 1.348648776 0)
(-2.221454825 1.081006287 0)
(-2.233852626 0.811981754 0)
(-2.24279448 0.5419088708 0)
(-2.248194273 0.2711314276 0)
(-2.25 4.163336342e-17 0)
(-2.248194273 -0.2711314276 0)
(-2.24279448 -0.5419088708 0)
(-2.233852626 -0.811981754 0)
(-2.221454825 -1.081006287 0)
(-2.205720474 -1.348648776 0)
(-2.186801105 -1.614588837 0)
(-2.16487892 -1.878522482 0)
(-2.025692073 1.754109562 0)
(-2.051267955 1.508686977 0)
(-2.073340553 1.260923572 0)
(-2.091697295 1.011174002 0)
(-2.106161397 0.7598120463 0)
(-2.11659356 0.5072270159 0)
(-2.122893318 0.2538199989 0)
(-2.125 4.857225733e-17 0)
(-2.122893318 -0.2538199989 0)
(-2.11659356 -0.5072270159 0)
(-2.106161397 -0.7598120463 0)
(-2.091697295 -1.011174002 0)
(-2.073340553 -1.260923572 0)
(-2.051267955 -1.508686977 0)
(-2.025692073 -1.754109562 0)
(-1.886505227 1.629696642 0)
(-1.915734806 1.402785117 0)
(-1.940960632 1.173198368 0)
(-1.961939766 0.9413417162 0)
(-1.978470168 0.7076423386 0)
(-1.99039264 0.472545161 0)
(-1.997592363 0.2365085702 0)
(-2 5.551115123e-17 0)
(-1.997592363 -0.2365085702 0)
(-1.99039264 -0.472545161 0)
(-1.978470168 -0.7076423386 0)
(-1.961939766 -0.9413417162 0)
(-1.940960632 -1.173198368 0)
(-1.915734806 -1.402785117 0)
(-1.886505227 -1.629696642 0)
(-1.74731838 1.505283722 0)
(-1.780201657 1.296883256 0)
(-1.808580711 1.085473164 0)
(-1.832182237 0.8715094307 0)
(-1.850778939 0.655472631 0)
(-1.86419172 0.4378633061 0)
(-1.872291409 0.2191971414 0)
(-1.875 6.245004514e-17 0)
(-1.872291409 -0.2191971414 0)
(-1.86419172 -0.4378633061 0)
(-1.850778939 -0.655472631 0)
(-1.832182237 -0.8715094307 0)
(-1.808580711 -1.085473164 0)
(-1.780201657 -1.296883256 0)
(-1.74731838 -1.505283722 0)
(-1.608131533 1.380870803 0)
(-1.644668508 1.190981396 0)
(-1.67620079 0.9977479605 0)
(-1.702424708 0.8016771452 0)
(-1.72308771 0.6033029233 0)
(-1.7379908 0.4031814513 0)
(-1.746990454 0.2018857127 0)
(-1.75 6.938893904e-17 0)
(-1.746990454 -0.2018857127 0)
(-1.7379908 -0.4031814513 0)
(-1.72308771 -0.6033029233 0)
(-1.702424708 -0.8016771452 0)
(-1.67620079 -0.9977479605 0)
(-1.644668508 -1.190981396 0)
(-1.608131533 -1.380870803 0)
(-1.468944687 1.256457883 0)
(-1.509135358 1.085079535 0)
(-1.543820869 0.9100227566 0)
(-1.572667179 0.7318448598 0)
(-1.595396481 0.5511332156 0)
(-1.61178988 0.3684995964 0)
(-1.6216895 0.184574284 0)
(-1.625 7.632783294e-17 0)
(-1.6216895 -0.184574284 0)
(-1.61178988 -0.3684995964 0)
(-1.595396481 -0.5511332156 0)
(-1.572667179 -0.7318448598 0)
(-1.543820869 -0.9100227566 0)
(-1.509135358 -1.085079535 0)
(-1.468944687 -1.256457883 0)
(-1.32975784 1.132044963 0)
(-1.373602209 0.9791776748 0)
(-1.411440948 0.8222975526 0)
(-1.442909649 0.6620125743 0)
(-1.467705252 0.4989635079 0)
(-1.48558896 0.3338177415 0)
(-1.496388545 0.1672628552 0)
(-1.5 8.326672685e-17 0)
(-1.496388545 -0.1672628552 0)
(-1.48558896 -0.3338177415 0)
(-1.467705252 -0.4989635079 0)
(-1.442909649 -0.6620125743 0)
(-1.411440948 -0.8222975526 0)
(-1.373602209 -0.9791776748 0)
(-1.32975784 -1.132044963 0)
(-1.190570993 1.007632043 0)
(-1.23806906 0.8732758143 0)
(-1.279061027 0.7345723487 0)
(-1.31315212 0.5921802888 0)
(-1.340014023 0.4467938003 0)
(-1.35938804 0.2991358866 0)
(-1.37108759 0.1499514265 0)
(-1.375 9.020562075e-17 0)
(-1.37108759 -0.1499514265 0)
(-1.35938804 -0.2991358866 0)
(-1.340014023 -0.4467938003 0)
(-1.31315212 -0.5921802888 0)
(-1.279061027 -0.7345723487 0)
(-1.23806906 -0.8732758143 0)
(-1.190570993 -1.007632043 0)
(-1.051384147 0.8832191236 0)
(-1.102535911 0.7673739539 0)
(-1.146681106 0.6468471447 0)
(-1.183394591 0.5223480033 0)
(-1.212322794 0.3946240926 0)
(-1.23318712 0.2644540318 0)
(-1.245786636 0.1326399978 0)
(-1.25 9.714451465e-17 0)
(-1.245786636 -0.1326399978 0)
(-1.23318712 -0.2644540318 0)
(-1.212322794 -0.3946240926 0)
(-1.183394591 -0.5223480033 0)
(-1.146681106 -0.6468471447 0)
(-1.102535911 -0.7673739539 0)
(-1.051384147 -0.8832191236 0)
(-0.9121973 0.7588062039 0)
(-0.9670027615 0.6614720935 0)
(-1.014301185 0.5591219408 0)
(-1.053637062 0.4525157178 0)
(-1.084631565 0.3424543849 0)
(-1.1069862 0.2297721769 0)
(-1.120485681 0.1153285691 0)
(-1.125 1.040834086e-16 0)
(-1.120485681 -0.1153285691 0)
(-1.1069862 -0.2297721769 0)
(-1.084631565 -0.3424543849 0)
(-1.053637062 -0.4525157178 0)
(-1.014301185 -0.5591219408 0)
(-0.9670027615 -0.6614720935 0)
(-0.9121973 -0.7588062039 0)
(-0.7730104534 0.6343932842 0)
(-0.8314696123 0.555570233 0)
(-0.8819212643 0.4713967368 0)
(-0.9238795325 0.3826834324 0)
(-0.9569403357 0.2902846773 0)
(-0.9807852804 0.195090322 0)
(-0.9951847267 0.09801714033 0)
(-1 1.110223025e-16 0)
(-0.9951847267 -0.09801714033 0)
(-0.9807852804 -0.195090322 0)
(-0.9569403357 -0.2902846773 0)
(-0.9238795325 -0.3826834324 0)
(-0.8819212643 -0.4713967368 0)
(-0.8314696123 -0.555570233 0)
(-0.7730104534 -0.6343932842 0)
(-3 2.625 1)
(-3 2.25 1)
(-3 1.875 1)
(-3 1.5 1)
(-3 1.125 1)
(-3 0.75 1)
(-3 0.375 1)
(-3 0 1)
(-3 -0.375 1)
(-3 -0.75 1)
(-3 -1.125 1)
(-3 -1.5 1)
(-3 -1.875 1)
(-3 -2.25 1)
(-3 -2.625 1)
(-2.860813153 2.50058708 1)
(-2.864466851 2.14409814 1)
(-2.867620079 1.787274796 1)
(-2.870242471 1.430167715 1)
(-2.872308771 1.072830292 1)
(-2.87379908 0.7153181451 1)
(-2.874699045 0.3576885713 1)
(-2.875 6.938893904e-18 1)
(-2.874699045 -0.3576885713 1)
(-2.87379908 -0.7153181451 1)
(-2.872308771 -1.072830292 1)
(-2.870242471 -1.430167715 1)
(-2.867620079 -1.787274796 1)
(-2.864466851 -2.14409814 1)
(-2.860813153 -2.50058708 1)
(-2.721626307 2.376174161 1)
(-2.728933702 2.038196279 1)
(-2.735240158 1.699549592 1)
(-2.740484942 1.360335429 1)
(-2.744617542 1.020660585 1)
(-2.74759816 0.6806362903 1)
(-2.749398091 0.3403771425 1)
(-2.75 1.387778781e-17 1)
(-2.749398091 -0.3403771425 1)
(-2.74759816 -0.6806362903 1)
(-2.744617542 -1.020660585 1)
(-2.740484942 -1.360335429 1)
(-2.735240158 -1.699549592 1)
(-2.728933702 -2.038196279 1)
(-2.721626307 -2.376174161 1)
(-2.58243946 2.251761241 1)
(-2.593400552 1.932294419 1)
(-2.602860237 1.611824388 1)
(-2.610727412 1.290503144 1)
(-2.616926313 0.968490877 1)
(-2.62139724 0.6459544354 1)
(-2.624097136 0.3230657138 1)
(-2.625 2.081668171e-17 1)
(-2.624097136 -0.3230657138 1)
(-2.62139724 -0.6459544354 1)
(-2.616926313 -0.968490877 1)
(-2.610727412 -1.290503144 1)
(-2.602860237 -1.611824388 1)
(-2.593400552 -1.932294419 1)
(-2.58243946 -2.251761241 1)
(-2.443252613 2.127348321 1)
(-2.457867403 1.826392558 1)
(-2.470480316 1.524099184 1)
(-2.480969883 1.220670858 1)
(-2.489235084 0.9163211693 1)
(-2.49519632 0.6112725805 1)
(-2.498796182 0.3057542851 1)
(-2.5 2.775557562e-17 1)
(-2.498796182 -0.3057542851 1)
(-2.49519632 -0.6112725805 1)
(-2.489235084 -0.9163211693 1)
(-2.480969883 -1.220670858 1)
(-2.470480316 -1.524099184 1)
(-2.457867403 -1.826392558 1)
(-2.443252613 -2.127348321 1)
(-2.304065767 2.002935401 1)
(-2.322334254 1.720490698 1)
(-2.338100395 1.43637398 1)
(-2.351212354 1.150838573 1)
(-2.361543855 0.8641514616 1)
(-2.3689954 0.5765907256 1)
(-2.373495227 0.2884428564 1)
(-2.375 3.469446952e-17 1)
(-2.373495227 -0.2884428564 1)
(-2.3689954 -0.5765907256 1)
(-2.361543855 -0.8641514616 1)
(-2.351212354 -1.150838573 1)
(-2.338100395 -1.43637398 1)
(-2.322334254 -1.720490698 1)
(-2.304065767 -2.002935401 1)
(-2.16487892 1.878522482 1)
(-2.186801105 1.614588837 1)
(-2.205720474 1.348648776 1)
(-2.221454825 1.081006287 1)
(-2.233852626 0.811981754 1)
(-2.24279448 0.5419088708 1)
(-2.248194273 0.2711314276 1)
(-2.25 4.163336342e-17 1)
(-2.248194273 -0.2711314276 1)
(-2.24279448 -0.5419088708 1)
(-2.233852626 -0.811981754 1)
(-2.221454825 -1.081006287 1)
(-2.205720474 -1.348648776 1)
(-2.186801105 -1.614588837 1)
(-2.16487892 -1.878522482 1)
(-2.025692073 1.754109562 1)
(-2.051267955 1.508686977 1)
(-2.073340553 1.260923572 1)
(-2.091697295 1.011174002 1)
(-2.106161397 0.7598120463 1)
(-2.11659356 0.5072270159 1)
(-2.122893318 0.2538199989 1)
(-2.125 4.857225733e-17 1)
(-2.122893318 -0.2538199989 1)
(-2.11659356 -0.5072270159 1)
(-2.106161397 -0.7598120463 1)
(-2.091697295 -1.011174002 1)
(-2.073340553 -1.260923572 1)
(-2.051267955 -1.508686977 1)
(-2.025692073 -1.754109562 1)
(-1.886505227 1.629696642 1)
(-1.915734806 1.402785117 1)
(-1.940960632 1.173198368 1)
(-1.961939766 0.9413417162 1)
(-1.978470168 0.7076423386 1)
(-1.99039264 0.472545161 1)
(-1.997592363 0.2365085702 1)
(-2 5.551115123e-17 1)
(-1.997592363 -0.2365085702 1)
(-1.99039264 -0.472545161 1)
(-1.978470168 -0.7076423386 1)
(-1.961939766 -0.9413417162 1)
(-1.940960632 -1.173198368 1)
(-1.915734806 -1.402785117 1)
(-1.886505227 -1.629696642 1)
(-1.74731838 1.505283722 1)
(-1.780201657 1.296883256 1)
(-1.808580711 1.085473164 1)
(-1.832182237 0.8715094307 1)
(-1.850778939 0.655472631 1)
(-1.86419172 0.4378633061 1)
(-1.872291409 0.2191971414 1)
(-1.875 6.245004514e-17 1)
(-1.872291409 -0.2191971414 1)
(-1.86419172 -0.4378633061 1)
(-1.850778939 -0.655472631 1)
(-1.832182237 -0.8715094307 1)
(-1.808580711 -1.085473164 1)
(-1.780201657 -1.296883256 1)
(-1.74731838 -1.505283722 1)
(-1.608131533 1.380870803 1)
(-1.644668508 1.190981396 1)
(-1.67620079 0.9977479605 1)
(-1.702424708 0.8016771452 1)
(-1.72308771 0.6033029233 1)
(-1.7379908 0.4031814513 1)
(-1.746990454 0.2018857127 1)
(-1.75 6.938893904e-17 1)
(-1.746990454 -0.2018857127 1)
(-1.7379908 -0.4031814513 1)
(-1.72308771 -0.6033029233 1)
(-1.702424708 -0.8016771452 1)
(-1.67620079 -0.9977479605 1)
(-1.644668508 -1.190981396 1)
(-1.608131533 -1.380870803 1)
(-1.468944687 1.256457883 1)
(-1.509135358 1.085079535 1)
(-1.543820869 0.9100227566 1)
(-1.572667179 0.7318448598 1)
(-1.595396481 0.5511332156 1)
(-1.61178988 0.3684995964 1)
(-1.6216895 0.184574284 1)
(-1.625 7.632783294e-17 1)
(-1.6216895 -0.184574284 1)
(-1.61178988 -0.3684995964 1)
(-1.595396481 -0.5511332156 1)
(-1.572667179 -0.7318448598 1)
(-1.543820869 -0.9100227566 1)
(-1.509135358 -1.085079535 1)
(-1.468944687 -1.256457883 1)
(-1.32975784 1.132044963 1)
(-1.373602209 0.9791776748 1)
(-1.411440948 0.8222975526 1)
(-1.442909649 0.6620125743 1)
(-1.467705252 0.4989635079 1)
(-1.48558896 0.3338177415 1)
(-1.496388545 0.1672628552 1)
(-1.5 8.326672685e-17 1)
(-1.496388545 -0.1672628552 1)
(-1.48558896 -0.3338177415 1)
(-1.467705252 -0.4989635079 1)
(-1.442909649 -0.6620125743 1)
(-1.411440948 -0.8222975526 1)
(-1.373602209 -0.9791776748 1)
(-1.32975784 -1.132044963 1)
(-1.190570993 1.007632043 1)
(-1.23806906 0.8732758143 1)
(-1.279061027 0.7345723487 1)
(-1.31315212 0.5921802888 1)
(-1.340014023 0.4467938003 1)
(-1.35938804 0.2991358866 1)
(-1.37108759 0.1499514265 1)
(-1.375 9.020562075e-17 1)
(-1.37108759 -0.1499514265 1)
(-1.35938804 -0.2991358866 1)
(-1.340014023 -0.4467938003 1)
(-1.31315212 -0.5921802888 1)
(-1.279061027 -0.7345723487 1)
(-1.23806906 -0.8732758143 1)
(-1.190570993 -1.007632043 1)
(-1.051384147 0.8832191236 1)
(-1.102535911 0.7673739539 1)
(-1.146681106 0.6468471447 1)
(-1.183394591 0.5223480033 1)
(-1.212322794 0.3946240926 1)
(-1.23318712 0.2644540318 1)
(-1.245786636 0.1326399978 1)
(-1.25 9.714451465e-17 1)
(-1.245786636 -0.1326399978 1)
(-1.23318712 -0.2644540318 1)
(-1.212322794 -0.3946240926 1)
(-1.183394591 -0.5223480033 1)
(-1.146681106 -0.6468471447 1)
(-1.102535911 -0.7673739539 1)
(-1.051384147 -0.8832191236 1)
(-0.9121973 0.7588062039 1)
(-0.9670027615 0.6614720935 1)
(-1.014301185 0.5591219408 1)
(-1.053637062 0.4525157178 1)
(-1.084631565 0.3424543849 1)
(-1.1069862 0.2297721769 1)
(-1.120485681 0.1153285691 1)
(-1.125 1.040834086e-16 1)
(-1.120485681 -0.1153285691 1)
(-1.1069862 -0.2297721769 1)
(-1.084631565 -0.3424543849 1)
(-1.053637062 -0.4525157178 1)
(-1.014301185 -0.5591219408 1)
(-0.9670027615 -0.6614720935 1)
(-0.9121973 -0.7588062039 1)
(-0.7730104534 0.6343932842 1)
(-0.8314696123 0.555570233 1)
(-0.8819212643 0.4713967368 1)
(-0.9238795325 0.3826834324 1)
(-0.9569403357 0.2902846773 1)
(-0.9807852804 0.195090322 1)
(-0.9951847267 0.09801714033 1)
(-1 1.110223025e-16 1)
(-0.9951847267 -0.09801714033 1)
(-0.9807852804 -0.195090322 1)
(-0.9569403357 -0.2902846773 1)
(-0.9238795325 -0.3826834324 1)
(-0.8819212643 -0.4713967368 1)
(-0.8314696123 -0.555570233 1)
(-0.7730104534 -0.6343932842 1)
)


// ************************************************************************* //
